1.451265215873718262e-01 2.252935171127319336e-01
7.287943363189697266e-02 2.103083729743957520e-01
2.587771415710449219e-02 1.750815510749816895e-01
0.000000000000000000e+00 1.189208030700683594e-01
1.126474142074584961e-02 6.062966585159301758e-02
7.399624586105346680e-02 8.305555582046508789e-02
4.226911067962646484e-02 4.293602705001831055e-02
4.252207279205322266e-02 8.743047714233398438e-02
6.137359142303466797e-02 1.173668503761291504e-01
9.607493877410888672e-02 6.635850667953491211e-02
5.701631307601928711e-02 1.437318325042724609e-02
6.299912929534912109e-02 8.547204732894897461e-02
9.146165847778320312e-02 1.179964542388916016e-01
1.260931491851806641e-01 4.873627424240112305e-02
8.249706029891967773e-02 0.000000000000000000e+00
8.840650320053100586e-02 7.628268003463745117e-02
1.178603768348693848e-01 1.087292432785034180e-01
1.648810505867004395e-01 3.668063879013061523e-02
1.193578243255615234e-01 2.160608768463134766e-03
1.165361404418945312e-01 5.806457996368408203e-02
1.407908797264099121e-01 8.927220106124877930e-02
