1.222645044326782227e-01 2.553063035011291504e-01
4.844051599502563477e-02 1.943265199661254883e-01
2.256393432617187500e-02 1.363173127174377441e-01
1.745104789733886719e-03 9.344428777694702148e-02
0.000000000000000000e+00 4.705524444580078125e-02
1.061096191406250000e-01 2.571070194244384766e-02
3.410339355468750000e-02 3.245651721954345703e-03
3.280854225158691406e-02 6.336468458175659180e-02
5.451959371566772461e-02 9.543716907501220703e-02
1.174208521842956543e-01 1.944059133529663086e-02
2.914530038833618164e-02 0.000000000000000000e+00
2.853918075561523438e-02 7.483655214309692383e-02
5.738544464111328125e-02 1.002358198165893555e-01
1.209881305694580078e-01 1.694577932357788086e-02
2.999567985534667969e-02 5.414664745330810547e-03
2.960085868835449219e-02 8.357733488082885742e-02
6.087094545364379883e-02 1.045457720756530762e-01
1.154211163520812988e-01 2.263498306274414062e-02
3.743267059326171875e-02 2.724844217300415039e-02
3.640288114547729492e-02 8.644974231719970703e-02
6.329107284545898438e-02 1.061698198318481445e-01
