7.748756179784469511e-01 9.064802299786380857e-01
4.643951941894456370e-01 9.294378245169193642e-01
1.456733802658305987e-01 9.144042366562149526e-01
0.000000000000000000e+00 9.711992518133499841e-01
1.496280019802989081e-01 1.000000000000000000e+00
9.543556196643430967e-02 1.248429635335711468e-01
5.101660167369228421e-02 5.270647864112297798e-01
1.926872366966752015e-01 8.365870175152160249e-01
2.741757823533222949e-01 8.594876324023552616e-01
3.974349215775206945e-01 0.000000000000000000e+00
3.748822860751896968e-01 5.758319713918320648e-01
4.494127356873392487e-01 8.629094248178157400e-01
4.710831065027153430e-01 7.964810134488413684e-01
7.001646265016585602e-01 1.571131698053870873e-02
7.074073747891843622e-01 5.710043156606927628e-01
7.208133945707853041e-01 8.271798962641619957e-01
7.144739846721843701e-01 7.794282092007891460e-01
9.818690675169957638e-01 9.115264903329091395e-02
1.000000000000000000e+00 5.168736470757111512e-01
9.794676090910062749e-01 7.539536481495584530e-01
9.551976241445492288e-01 7.682719770240514778e-01
