9.044508310081859070e-01 5.775568912523652010e-01
5.518157945192929681e-01 6.600821485905368213e-01
2.481864531515580730e-01 7.421480892176418598e-01
1.272219162892452571e-01 8.922875214217952378e-01
1.982966741623083951e-01 1.000000000000000000e+00
0.000000000000000000e+00 1.714050733043727404e-01
1.224640057649351715e-02 5.890420672232814514e-01
1.956413575523273107e-01 7.835297247238623974e-01
3.003068751824103932e-01 7.968819757031847528e-01
2.999196627948833571e-01 2.996917339025187074e-02
3.359048731206832339e-01 5.471390146640360275e-01
4.555769992436247140e-01 7.147013188080256763e-01
4.881542637805210694e-01 6.813480155101814262e-01
6.312852624649525346e-01 0.000000000000000000e+00
6.653994570853225543e-01 4.676779011078023296e-01
7.247958621060743845e-01 6.301427833644248633e-01
7.253066963904108988e-01 6.167995651621146491e-01
9.525608633508072520e-01 2.222017981097559186e-02
9.922322538723793439e-01 3.523607275630900038e-01
1.000000000000000000e+00 5.269078523511302459e-01
9.794038427679316872e-01 5.735009485544959595e-01
