2.217295765876770020e-01 1.133388876914978027e-01
1.463433504104614258e-01 1.726440191268920898e-01
8.120161294937133789e-02 2.017511725425720215e-01
3.581261634826660156e-02 2.255267500877380371e-01
3.395301103591918945e-02 2.206118702888488770e-01
1.677405834197998047e-02 4.194843769073486328e-02
0.000000000000000000e+00 1.595607995986938477e-01
4.597073793411254883e-02 1.726889014244079590e-01
6.071817874908447266e-02 1.433048248291015625e-01
4.479146003723144531e-02 1.147317886352539062e-02
4.174286127090454102e-02 1.629770994186401367e-01
8.823114633560180664e-02 1.671911478042602539e-01
9.818762540817260742e-02 1.336150169372558594e-01
8.546727895736694336e-02 0.000000000000000000e+00
8.188861608505249023e-02 1.450136899948120117e-01
1.233475804328918457e-01 1.507844924926757812e-01
1.335509419441223145e-01 1.199504733085632324e-01
1.319757103919982910e-01 3.348171710968017578e-03
1.288217902183532715e-01 1.190124154090881348e-01
1.547809839248657227e-01 1.309135556221008301e-01
1.653119325637817383e-01 1.081056594848632812e-01
