2.316868305206298828e-01 1.067180633544921875e-01
1.584939956665039062e-01 1.759063601493835449e-01
9.295678138732910156e-02 2.113178968429565430e-01
4.586029052734375000e-02 2.391846776008605957e-01
3.898477554321289062e-02 2.232353091239929199e-01
1.663193106651306152e-02 4.855829477310180664e-02
0.000000000000000000e+00 1.652268171310424805e-01
4.963237047195434570e-02 1.772384643554687500e-01
6.540882587432861328e-02 1.473606824874877930e-01
4.380804300308227539e-02 1.440173387527465820e-02
4.124176502227783203e-02 1.627315878868103027e-01
8.998316526412963867e-02 1.665156483650207520e-01
1.000098586082458496e-01 1.332129240036010742e-01
8.415859937667846680e-02 0.000000000000000000e+00
8.420276641845703125e-02 1.448713541030883789e-01
1.278739571571350098e-01 1.510103940963745117e-01
1.361771821975708008e-01 1.200568079948425293e-01
1.314101219177246094e-01 3.077626228332519531e-03
1.343505382537841797e-01 1.233351230621337891e-01
1.629536747932434082e-01 1.313169002532958984e-01
1.718643903732299805e-01 1.042191982269287109e-01
