1.806011199951171875e-01 1.609100699424743652e-01
1.164667606353759766e-01 1.877784132957458496e-01
5.824714899063110352e-02 2.117674946784973145e-01
2.327615022659301758e-02 2.385141253471374512e-01
3.396123647689819336e-02 2.484086155891418457e-01
6.991624832153320312e-05 4.003208875656127930e-02
0.000000000000000000e+00 1.495242118835449219e-01
3.994435071945190430e-02 1.948034167289733887e-01
6.077450513839721680e-02 1.912767291069030762e-01
4.979115724563598633e-02 6.407439708709716797e-03
5.470365285873413086e-02 1.423115730285644531e-01
8.589857816696166992e-02 1.879073977470397949e-01
9.663683176040649414e-02 1.739057302474975586e-01
1.068498492240905762e-01 0.000000000000000000e+00
1.101235151290893555e-01 1.197500824928283691e-01
1.280906200408935547e-01 1.653128862380981445e-01
1.339483857154846191e-01 1.572809219360351562e-01
1.645935773849487305e-01 6.358981132507324219e-03
1.663148999214172363e-01 8.568626642227172852e-02
1.695164442062377930e-01 1.348086595535278320e-01
1.692482233047485352e-01 1.460948586463928223e-01
