1.236620545387268066e-01 2.258067131042480469e-01
6.627130508422851562e-02 2.306031584739685059e-01
3.337621688842773438e-03 2.159724235534667969e-01
0.000000000000000000e+00 2.136510014533996582e-01
5.383837223052978516e-02 2.084034681320190430e-01
2.139383554458618164e-02 1.942425966262817383e-02
4.134029150009155273e-02 1.050896644592285156e-01
4.811346530914306641e-02 1.665540337562561035e-01
4.313093423843383789e-02 1.515423059463500977e-01
8.312183618545532227e-02 0.000000000000000000e+00
1.107275485992431641e-01 1.223159432411193848e-01
1.023064255714416504e-01 1.935629844665527344e-01
8.850067853927612305e-02 1.594251394271850586e-01
1.407088041305541992e-01 1.094305515289306641e-02
1.686972379684448242e-01 1.401040554046630859e-01
1.503301262855529785e-01 1.975141763687133789e-01
1.345365047454833984e-01 1.685022115707397461e-01
1.904417276382446289e-01 3.992998600006103516e-02
2.100558280944824219e-01 1.384409666061401367e-01
1.938579678535461426e-01 1.888481974601745605e-01
1.787459850311279297e-01 1.780058145523071289e-01
