1.089212298393249512e-01 2.880390882492065430e-01
4.851037263870239258e-02 2.473659515380859375e-01
0.000000000000000000e+00 1.644877195358276367e-01
7.044136524200439453e-03 7.708430290222167969e-02
5.207395553588867188e-02 3.611540794372558594e-02
2.076363563537597656e-02 6.437593698501586914e-02
2.014589309692382812e-02 0.000000000000000000e+00
2.671951055526733398e-02 7.609385251998901367e-02
2.937030792236328125e-02 9.746813774108886719e-02
7.098633050918579102e-02 6.265926361083984375e-02
7.596600055694580078e-02 7.435500621795654297e-03
7.450860738754272461e-02 1.045125126838684082e-01
6.780564785003662109e-02 1.122271418571472168e-01
1.204480528831481934e-01 7.207953929901123047e-02
1.310001015663146973e-01 2.148008346557617188e-02
1.230549812316894531e-01 1.132297515869140625e-01
1.138614416122436523e-01 1.227919459342956543e-01
1.702987551689147949e-01 9.268051385879516602e-02
1.788530349731445312e-01 5.517989397048950195e-02
1.671633720397949219e-01 1.221616268157958984e-01
1.568135023117065430e-01 1.395413875579833984e-01
