7.086329826970028112e-01 1.000000000000000000e+00
3.833282702346206827e-01 8.561418089437161649e-01
1.079809369496112781e-01 5.991447493204992147e-01
0.000000000000000000e+00 3.234108464117966264e-01
1.432817244561956638e-01 1.329474030409120711e-01
3.628226460274818210e-01 1.776311793928827265e-01
2.147677168887856258e-01 1.926661565154993289e-02
2.370414317262348469e-01 2.958872098748821511e-01
3.229744467070037595e-01 3.796188068255609838e-01
5.545516017079288318e-01 1.571134787357594542e-01
3.825088966408957125e-01 0.000000000000000000e+00
3.970123301957997897e-01 3.486261890680024123e-01
5.044882472356001513e-01 4.180095508520739189e-01
7.651328479208376887e-01 1.687892599164136920e-01
5.950250850369879219e-01 6.477331442223511516e-03
5.882846395210155066e-01 3.478284939048147395e-01
6.839807773913020306e-01 4.173522406941793106e-01
1.000000000000000000e+00 2.302629427500137715e-01
8.266525485346757351e-01 8.529615396474350686e-02
7.868750490247370388e-01 3.192102747808732710e-01
8.614261387171958662e-01 3.940464611299381303e-01
