7.997849094320401697e-01 1.000000000000000000e+00
3.158557740197090458e-01 8.359738209482137083e-01
1.444048079546885466e-01 6.211871420994621307e-01
2.793837476626365168e-02 4.164654447289693473e-01
0.000000000000000000e+00 2.234141017991364830e-01
5.417445034231593848e-01 2.718417737778551224e-01
3.751842817944169295e-01 5.608239274378672146e-02
2.271373579580458213e-01 2.307627166049275313e-01
2.585673937258393118e-01 4.258796273276483357e-01
6.555372256572256084e-01 2.272774594137682291e-01
3.819828981068910112e-01 1.693164773056874631e-03
2.286778531546805049e-01 2.659659378133572005e-01
3.318835707566354376e-01 4.621795987370410086e-01
8.110354528669284635e-01 1.912235122525255127e-01
4.608160555138944292e-01 0.000000000000000000e+00
3.342729886805028139e-01 2.729610546204907506e-01
4.789291953229896648e-01 4.628148592430533226e-01
1.000000000000000000e+00 1.713390555983723973e-01
6.186478593921713731e-01 4.120880259221506442e-02
4.860669285704435350e-01 2.341855613289245686e-01
5.964544646213997270e-01 4.012399104160969121e-01
