8.833967261664237292e-01 1.000000000000000000e+00
9.650585569027799737e-01 6.527029471819937312e-01
8.717707238948835258e-01 3.567577610070636340e-01
6.268338951354799349e-01 2.122961748171643404e-01
3.618863951767569698e-01 1.843135240252253004e-01
1.000000000000000000e+00 1.286245768047013793e-01
3.685489428300055548e-01 0.000000000000000000e+00
2.705077335780409764e-01 1.537495729018603097e-01
3.655585303985797174e-01 2.737624340087702612e-01
8.827102239300775866e-01 1.259653303707909400e-01
1.888574169614715692e-01 3.867278159745665689e-02
1.570651942497182374e-01 2.169078382556370865e-01
3.003877434150097336e-01 3.246541529218384126e-01
7.068213990567980831e-01 1.741836308313151060e-01
5.492561009627541790e-02 1.259405293381822277e-01
6.477235498943742509e-02 3.141772667091974891e-01
2.252952611358918222e-01 3.921771785769566088e-01
4.953658926571199439e-01 2.578731653048611516e-01
0.000000000000000000e+00 2.702028215160472424e-01
4.172391139428604373e-02 4.225108343975264580e-01
1.887494449325272661e-01 4.875123479248289482e-01
