8.477883492962029477e-01 1.000000000000000000e+00
7.793413752195653688e-01 6.747242969267622792e-01
6.911517341109127965e-01 3.874177546121658211e-01
5.087707349677917934e-01 2.249745921540178550e-01
3.070323475792771650e-01 1.373974258787356018e-01
1.000000000000000000e+00 4.001186067975845417e-02
3.678422487293323551e-01 0.000000000000000000e+00
2.804881042699818305e-01 2.128731612322823652e-01
3.874867152073060983e-01 3.790120997112705892e-01
8.840239577674262605e-01 5.874451216321552836e-03
1.771898327581209465e-01 1.225619952670286596e-02
1.609934728309160568e-01 2.596270371417628842e-01
3.218499400501456109e-01 3.938386864026936496e-01
7.084017701441805981e-01 3.793673305093385462e-02
4.515245636014894592e-02 6.816033929208839548e-02
6.467377617559526282e-02 3.224296803930041810e-01
2.373234171892150413e-01 4.209148396806067227e-01
5.079890902352219850e-01 1.268684931163592267e-01
0.000000000000000000e+00 1.934764787341795300e-01
3.167997389765918326e-02 4.044334572382942694e-01
1.855816244589070241e-01 4.804796254501493835e-01
