8.285830735630180799e-01 1.000000000000000000e+00
1.000000000000000000e+00 6.651262000412424547e-01
9.697390303844600767e-01 3.488609155064040235e-01
6.877752886050544356e-01 1.903031989643558242e-01
4.037809815335864916e-01 1.796204929238618131e-01
9.984051180139587034e-01 1.044744735857270485e-01
5.026857767671174537e-01 0.000000000000000000e+00
4.259433012052030731e-01 1.526274411340151071e-01
4.926420116763126078e-01 2.772429410461839105e-01
7.908772600485903803e-01 1.046787765498384676e-01
2.887424118490867775e-01 6.519746740699441934e-02
2.632243000724264759e-01 2.350147594571269372e-01
3.630220118449641875e-01 3.408119515324631865e-01
5.707022184244380236e-01 1.741408296609716355e-01
1.062325199641334234e-01 1.667195722239618871e-01
1.204067501866879497e-01 3.389882611717443539e-01
2.348630970618079961e-01 4.224185747672473679e-01
3.511796711106364155e-01 2.854551564540642739e-01
0.000000000000000000e+00 3.414265311266067582e-01
4.446705625186805205e-02 4.916620046130463773e-01
1.566428586821376479e-01 5.532378678408040873e-01
