7.939116733637723300e-01 1.000000000000000000e+00
1.000000000000000000e+00 6.734146616531280216e-01
9.957735185745461015e-01 3.543476825862025836e-01
7.656014951820335757e-01 1.993227484564905339e-01
5.119056246867621507e-01 1.892869835147075186e-01
9.889866836308780496e-01 7.567513848166945722e-02
5.721703722194932951e-01 0.000000000000000000e+00
5.208388695178352013e-01 1.459656838757183439e-01
5.948789861966383707e-01 2.517108493485558096e-01
7.351050274115428218e-01 1.011388124519384951e-01
3.532589960361877668e-01 7.758919495875814254e-02
3.314321452633459675e-01 2.297347626319080349e-01
4.255948306704046002e-01 3.406316581238885144e-01
4.811198373521718974e-01 1.922043485472973989e-01
1.474118649013763382e-01 1.945799902908766643e-01
1.528939817312622018e-01 3.515762223423345434e-01
2.546506825755998071e-01 4.509217943025032316e-01
2.543688404555028981e-01 3.186528920204695359e-01
0.000000000000000000e+00 3.695541768351424672e-01
2.500994116593675473e-02 5.179395905458568095e-01
1.169821189389085164e-01 5.990894469429050018e-01
