7.848396306434788361e-01 1.000000000000000000e+00
1.000000000000000000e+00 6.497954407022225043e-01
9.810637440477485427e-01 3.676206833674930952e-01
7.913392077978382844e-01 2.122747445775868269e-01
5.799491146675019859e-01 1.901948465251848686e-01
7.885669300003902427e-01 1.029357631087627484e-01
6.199352254064866008e-01 0.000000000000000000e+00
6.368084118140716621e-01 1.183890216458357014e-01
7.104484681263577572e-01 2.244636351831494347e-01
4.842586876662319240e-01 1.817443235850354777e-01
3.833847826997781594e-01 1.168435588639433614e-01
4.120098951094660622e-01 2.281269205604287975e-01
4.823371360969558319e-01 3.326305113879748365e-01
2.267866015024641579e-01 3.334062095562636552e-01
1.690346801756693051e-01 2.610109088402890465e-01
2.150600300550373767e-01 3.609474882692482733e-01
2.924543586547412866e-01 4.623640331649192525e-01
2.891273375865448941e-02 5.085163625757925798e-01
0.000000000000000000e+00 4.503661573774966342e-01
7.038226576572283177e-02 5.381403189833355860e-01
1.473502422438888737e-01 6.212719304751704863e-01
