6.212930622476369180e-01 1.000000000000000000e+00
9.292046958041826343e-01 6.880134394886892046e-01
1.000000000000000000e+00 3.444997983301043010e-01
8.948785024266204813e-01 7.566154620481388426e-02
7.075779824213497271e-01 9.400424196250663222e-02
5.308446056657992740e-01 1.805107160832603586e-01
5.893098071782508773e-01 0.000000000000000000e+00
6.831153486869895319e-01 1.184256906763008627e-01
7.001812923829930924e-01 2.288552561724777612e-01
2.791403054130871531e-01 2.757504016161170246e-01
4.010165305409005287e-01 1.055196791897351771e-01
5.014087183952742333e-01 1.867917853129158479e-01
5.122253570617407714e-01 2.926717124359655142e-01
1.116607920401818249e-01 4.095999610449603257e-01
2.416803973508419856e-01 2.469725815125586865e-01
3.393637311713009752e-01 2.967805211012210509e-01
3.660447187878049791e-01 4.014775767207440782e-01
0.000000000000000000e+00 5.505383465826433342e-01
1.191962720682206711e-01 3.922526872082681137e-01
2.088897111061872314e-01 4.339151883286564426e-01
2.472720011116261718e-01 5.218124521680375105e-01
