5.853992715470989205e-01 1.000000000000000000e+00
8.995669949933693399e-01 6.562667390587401117e-01
1.000000000000000000e+00 3.085699263256262426e-01
8.967174799695225573e-01 5.811865524004104777e-02
7.410077063620329474e-01 1.108499335476790526e-01
4.269989941918865828e-01 2.207439314814171605e-01
5.884539358339243575e-01 0.000000000000000000e+00
7.096295910592490541e-01 1.187440146808380198e-01
7.039649997231720580e-01 2.340723500448376182e-01
1.903987838026665047e-01 3.198912660764653970e-01
4.132263107802065516e-01 1.024853897099470973e-01
5.373351885198143219e-01 1.842869316439562366e-01
5.287538525219023233e-01 2.936753001076017333e-01
6.143767285267218159e-02 4.389783711526164534e-01
2.704913629688608379e-01 2.305524570204228740e-01
3.872549084226872274e-01 2.873499998070116468e-01
3.972442769122877526e-01 3.891998145596413106e-01
0.000000000000000000e+00 5.536252432189255890e-01
1.597595354036546456e-01 3.595353612548874422e-01
2.608916956896574213e-01 3.991674482694734793e-01
2.927287191831203783e-01 4.851081613914374202e-01
