5.760995443678019745e-01 1.000000000000000000e+00
8.924594004642995015e-01 6.679313603337034833e-01
1.000000000000000000e+00 3.332696034515759687e-01
9.242996505086359393e-01 6.953446828501812227e-02
7.731784712786370362e-01 9.328784397719244725e-02
4.036941943897368601e-01 2.168506113439620242e-01
5.846501486105017964e-01 0.000000000000000000e+00
7.097889917554174311e-01 1.103476443519499917e-01
7.040454192096241570e-01 2.217011873781246645e-01
1.751713787774336062e-01 3.180381617115606852e-01
4.045540884889198829e-01 9.441086783951178896e-02
5.354296703633723009e-01 1.700965615360451599e-01
5.300394561215658884e-01 2.789080143125257649e-01
5.360845499748648907e-02 4.389946783395696217e-01
2.570399974931562026e-01 2.152091362814001485e-01
3.801521974219511657e-01 2.652390311938394030e-01
3.963883447763641987e-01 3.684325657112136332e-01
0.000000000000000000e+00 5.518381226554777141e-01
1.488670199360754842e-01 3.417170423392483780e-01
2.491271049820854011e-01 3.750258095255934454e-01
2.865494161587419097e-01 4.607287210553840939e-01
