5.515811488241587623e-01 1.000000000000000000e+00
8.832263530590730438e-01 6.931784235810343198e-01
1.000000000000000000e+00 3.565473090845752147e-01
9.127632227040315405e-01 8.456982265128699938e-02
7.548309618625562711e-01 1.152683153993121212e-01
4.407307041499859412e-01 1.854445179474081828e-01
5.907457325610012688e-01 0.000000000000000000e+00
6.943799869901275956e-01 1.253814157031812038e-01
6.788702583491077469e-01 2.338235068494634306e-01
2.044360873846786386e-01 2.849074900522813869e-01
4.091233858073933249e-01 1.043411672651693156e-01
5.223329335968893705e-01 1.890698285174853277e-01
5.101061383655419723e-01 2.929841170423891361e-01
7.113033734102307271e-02 4.178939806487654285e-01
2.615433684540888204e-01 2.347018572383923751e-01
3.712466841334359779e-01 2.914889133363958162e-01
3.786351139248865239e-01 3.949562426728926434e-01
0.000000000000000000e+00 5.497979320297136097e-01
1.504490312206303582e-01 3.684173357893150147e-01
2.415948973523786292e-01 4.110372972890041221e-01
2.686198268141572476e-01 5.013938989732348306e-01
