8.412293348754990019e-01 1.000000000000000000e+00
3.907700668500223018e-01 9.014159566809072377e-01
3.697324360407935190e-02 6.640399740669713502e-01
0.000000000000000000e+00 3.528138718098556836e-01
2.480026481392263449e-01 1.922954049170870483e-01
2.099889789975267484e-01 3.255733980468721311e-01
2.102928833641855982e-02 9.643428925818001152e-02
1.175350138053027765e-01 3.715977652887400007e-01
2.220033316261058598e-01 4.587512219784737888e-01
4.505939393722706576e-01 2.560124972423207801e-01
3.034803902727958858e-01 3.800770425210680398e-02
3.945209022145987898e-01 3.881999272285401870e-01
4.954964054370278870e-01 4.711189403813712540e-01
7.066011901729245537e-01 2.168105300120737600e-01
5.647386318165823482e-01 2.004594467573475331e-03
6.281062676104387510e-01 3.558805825792146216e-01
7.241683522930925099e-01 4.701749490857013436e-01
1.000000000000000000e+00 2.121802516980595688e-01
8.399594913355971082e-01 0.000000000000000000e+00
8.391380557092457115e-01 2.450091176162918494e-01
9.134227110116768245e-01 3.688751402545306646e-01
