1.595865488052368164e-01 3.035535216331481934e-01
6.748068332672119141e-02 2.554467916488647461e-01
9.588241577148437500e-03 1.814878582954406738e-01
0.000000000000000000e+00 9.976139664649963379e-02
2.916324138641357422e-02 4.704079031944274902e-02
5.252796411514282227e-02 8.625322580337524414e-02
1.998060941696166992e-02 2.433687448501586914e-02
2.952438592910766602e-02 1.001354455947875977e-01
4.807972908020019531e-02 1.330334246158599854e-01
9.575462341308593750e-02 7.335680723190307617e-02
6.722158193588256836e-02 1.014804840087890625e-02
7.832974195480346680e-02 1.118723452091217041e-01
9.933096170425415039e-02 1.442391872406005859e-01
1.444649696350097656e-01 6.652018427848815918e-02
1.141717433929443359e-01 0.000000000000000000e+00
1.215141415596008301e-01 1.046700775623321533e-01
1.425926685333251953e-01 1.483915448188781738e-01
2.015489935874938965e-01 7.018965482711791992e-02
1.678929328918457031e-01 2.005875110626220703e-03
1.634182929992675781e-01 7.252651453018188477e-02
1.794927716255187988e-01 1.138167977333068848e-01
