7.655157553029059425e-01 1.000000000000000000e+00
3.399778796602253572e-01 8.437808364426234720e-01
5.762166708441582991e-02 5.941539709177318107e-01
0.000000000000000000e+00 3.508380433162422429e-01
1.747196883243529730e-01 2.284609476180156917e-01
3.762260888276786064e-01 2.821958516492052427e-01
2.211542215664073774e-01 7.038102781783879547e-02
2.052080256717540574e-01 3.180477328958892791e-01
2.911369920212393270e-01 4.332047010814312205e-01
5.506802257812529744e-01 2.627285559273025983e-01
3.940329325425008800e-01 2.017669367655543569e-02
3.904654242280010124e-01 3.513529590596263796e-01
5.229755582465026587e-01 4.664725646363300782e-01
7.544090915729015911e-01 2.415895784278522251e-01
5.828336983795405768e-01 0.000000000000000000e+00
5.675565965672642044e-01 3.389469997628457576e-01
6.962446982862547928e-01 4.738223797307453689e-01
1.000000000000000000e+00 2.484831764038213653e-01
8.201633066420924711e-01 2.620239757827368121e-02
7.617160758123829867e-01 2.460137046049218623e-01
8.588643640491726572e-01 3.744174874314150081e-01
