8.684943770859907541e-01 1.000000000000000000e+00
1.000000000000000000e+00 5.795251332221955654e-01
9.063724977177797237e-01 2.850062023906562714e-01
6.451103496226694434e-01 1.757189512066621162e-01
3.987179500464042570e-01 2.259954344356679690e-01
9.294989960994153311e-01 6.687340889066750726e-02
4.015578160732548585e-01 0.000000000000000000e+00
3.538683071711279937e-01 1.979231255537627354e-01
4.532687990875954864e-01 3.430358908285052744e-01
7.794109367654886711e-01 6.296607009116628184e-02
2.387217908771289976e-01 7.694992342597528623e-02
2.494958046177699895e-01 2.880396665469855400e-01
3.735940124488508207e-01 3.992556139722280850e-01
5.972325985672181092e-01 1.401849352240885638e-01
8.371249447794233689e-02 1.798311566612708912e-01
1.283901289268781221e-01 4.101040036001007971e-01
2.705744356103035320e-01 4.977973426328500817e-01
4.017650551411349746e-01 2.786837174882629276e-01
0.000000000000000000e+00 3.285571599656597619e-01
5.123640554889512255e-02 5.140877738976085132e-01
1.786994850454561579e-01 5.850745036693192347e-01
