1.116008162498474121e-01 2.952375113964080811e-01
4.194688796997070312e-02 2.324891388416290283e-01
1.444345712661743164e-02 1.596346795558929443e-01
0.000000000000000000e+00 1.035804748535156250e-01
9.146273136138916016e-03 6.837999820709228516e-02
8.537381887435913086e-02 7.468059659004211426e-02
5.692744255065917969e-02 6.010413169860839844e-03
3.561908006668090820e-02 6.349003314971923828e-02
4.648870229721069336e-02 1.132793724536895752e-01
1.042144298553466797e-01 6.918200850486755371e-02
6.199419498443603516e-02 0.000000000000000000e+00
4.198920726776123047e-02 7.675868272781372070e-02
6.569254398345947266e-02 1.203956604003906250e-01
1.287718415260314941e-01 6.583410501480102539e-02
7.435190677642822266e-02 4.318058490753173828e-03
5.649304389953613281e-02 8.164003491401672363e-02
8.359193801879882812e-02 1.216907501220703125e-01
1.562206149101257324e-01 7.140439748764038086e-02
1.000503897666931152e-01 2.454072237014770508e-02
7.983529567718505859e-02 7.755407691001892090e-02
9.990090131759643555e-02 1.170948743820190430e-01
