9.089171886444091797e-02 3.184643387794494629e-01
2.252525091171264648e-02 2.332911491394042969e-01
1.120740175247192383e-02 1.574012041091918945e-01
4.457414150238037109e-03 9.934115409851074219e-02
0.000000000000000000e+00 5.876863002777099609e-02
1.310805678367614746e-01 6.218767166137695312e-02
3.420871496200561523e-02 4.741936922073364258e-03
1.547855138778686523e-02 6.843024492263793945e-02
3.377878665924072266e-02 1.061193048954010010e-01
1.407517194747924805e-01 5.865541100502014160e-02
3.424078226089477539e-02 0.000000000000000000e+00
1.204472780227661133e-02 6.390970945358276367e-02
3.307247161865234375e-02 9.820070862770080566e-02
1.333704590797424316e-01 6.792235374450683594e-02
2.787017822265625000e-02 8.551657199859619141e-03
7.212221622467041016e-03 7.319924235343933105e-02
3.009366989135742188e-02 1.051528751850128174e-01
1.122421026229858398e-01 8.475199341773986816e-02
1.895231008529663086e-02 4.532685875892639160e-02
4.343926906585693359e-03 9.638619422912597656e-02
2.580714225769042969e-02 1.286556124687194824e-01
