6.807859745580231436e-01 1.000000000000000000e+00
6.237739601672330769e-01 7.056358890055415278e-01
5.807209675775825142e-01 4.243656892355137655e-01
4.434420675492442565e-01 2.319618320535856981e-01
2.653374449876568786e-01 1.443899412129713844e-01
1.000000000000000000e+00 1.849614213188017497e-01
4.029808006271611842e-01 1.128638409289860201e-02
2.446330192320994579e-01 1.934686307435475872e-01
3.066135305261326049e-01 3.540624022789408687e-01
9.347085210465677640e-01 1.673995194697110167e-01
2.964980278488714149e-01 0.000000000000000000e+00
1.523026528649558120e-01 1.993906617143226812e-01
2.277683936656127173e-01 3.446275596178107747e-01
7.915786208850915662e-01 1.933469787466805534e-01
1.774519495028155924e-01 2.810847319391877180e-02
5.736791645189818351e-02 2.405947125983827484e-01
1.587364100824785462e-01 3.576544201042423099e-01
5.891703874609418579e-01 2.545070545414621632e-01
7.354491097241963593e-02 1.361982819718798587e-01
0.000000000000000000e+00 3.126732756736197438e-01
1.050349914576067523e-01 4.249787525621910311e-01
