7.057474751883001662e-01 1.000000000000000000e+00
8.753769293274396013e-01 6.892064864617432063e-01
8.446490063197358289e-01 3.888234105451330858e-01
6.262824948928803481e-01 2.113580036726541433e-01
3.952044683573328054e-01 1.601362935545451727e-01
1.000000000000000000e+00 2.020858218143369300e-01
5.316104554463126908e-01 2.414740487423222299e-03
4.168268594660609616e-01 1.433110082352136994e-01
4.728077485516838929e-01 2.894592738030621892e-01
8.452918556941699801e-01 1.711126969574470746e-01
3.796119073992101356e-01 0.000000000000000000e+00
2.660315758191653668e-01 1.484286920759670947e-01
3.282674308815695663e-01 2.741626381674754920e-01
6.520951832709533935e-01 1.901405106922660904e-01
2.145256942322972260e-01 2.028904006963446957e-02
1.128536624057113885e-01 1.848164370596963313e-01
1.843723871255558144e-01 2.884923737666930110e-01
4.345994279471838140e-01 2.503894653671203674e-01
6.636172884918185855e-02 1.095044406430085993e-01
0.000000000000000000e+00 2.683617398699603696e-01
6.734920921906963065e-02 3.859071508943273110e-01
