6.294352475669066083e-01 1.000000000000000000e+00
8.859684135680192529e-01 6.899038647514920131e-01
9.016301277207730003e-01 3.858625055510253588e-01
7.127696638565497178e-01 2.115072174934277405e-01
4.982604627503253725e-01 1.719750199991644524e-01
1.000000000000000000e+00 2.080281558836226674e-01
6.218115445617956594e-01 0.000000000000000000e+00
5.258244855802820528e-01 1.256661230401205642e-01
5.768243017871254041e-01 2.465893107754105473e-01
7.756860218806681528e-01 1.934055559767715593e-01
3.884613789932466754e-01 4.530613421180082478e-02
3.246087278852586300e-01 1.812800471005466818e-01
4.082507037668933192e-01 2.868592917587969304e-01
5.268712402077543322e-01 2.311292216804868571e-01
1.823500399456170207e-01 9.571070144845011951e-02
1.475565102073273516e-01 2.450050442766801284e-01
2.473862075922044490e-01 3.319934795760950963e-01
2.711069731866205812e-01 3.121202286326141828e-01
6.896575197082577963e-03 1.955961801209079032e-01
0.000000000000000000e+00 3.402553200872072137e-01
8.272548542743048128e-02 4.374393642354594269e-01
