1.085238456726074219e-01 2.949506044387817383e-01
1.707549691200256348e-01 2.070357799530029297e-01
1.803535223007202148e-01 1.174542605876922607e-01
1.462777853012084961e-01 6.266501545906066895e-02
1.060714125633239746e-01 4.908770322799682617e-02
1.845158934593200684e-01 5.697774887084960938e-02
1.324921846389770508e-01 0.000000000000000000e+00
1.170450448989868164e-01 3.358429670333862305e-02
1.238586306571960449e-01 7.300412654876708984e-02
1.301880478858947754e-01 4.582092165946960449e-02
8.337134122848510742e-02 1.414600014686584473e-02
7.250195741653442383e-02 5.072605609893798828e-02
8.434438705444335938e-02 8.530732989311218262e-02
7.614576816558837891e-02 5.738374590873718262e-02
3.893542289733886719e-02 3.177410364151000977e-02
3.522562980651855469e-02 7.058265805244445801e-02
4.913043975830078125e-02 1.006361246109008789e-01
2.485656738281250000e-02 8.362174034118652344e-02
0.000000000000000000e+00 6.032845377922058105e-02
2.593278884887695312e-03 9.766677021980285645e-02
1.456445455551147461e-02 1.274638175964355469e-01
