1.046597361564636230e-01 3.052562475204467773e-01
1.775894165039062500e-01 2.183408737182617188e-01
1.889454722404479980e-01 1.230652630329132080e-01
1.589851379394531250e-01 5.960339307785034180e-02
1.200051307678222656e-01 4.383921623229980469e-02
1.756069660186767578e-01 6.049925088882446289e-02
1.408341526985168457e-01 0.000000000000000000e+00
1.331798434257507324e-01 3.551435470581054688e-02
1.417969465255737305e-01 7.430136203765869141e-02
1.151270270347595215e-01 5.967128276824951172e-02
8.919572830200195312e-02 1.650699973106384277e-02
8.541482686996459961e-02 5.308437347412109375e-02
9.401196241378784180e-02 8.826744556427001953e-02
5.723190307617187500e-02 7.905614376068115234e-02
4.181021451950073242e-02 3.790548443794250488e-02
4.466503858566284180e-02 7.394802570343017578e-02
5.491495132446289062e-02 1.069993376731872559e-01
6.780803203582763672e-03 1.114508509635925293e-01
0.000000000000000000e+00 7.111200690269470215e-02
7.956206798553466797e-03 1.010991334915161133e-01
1.728773117065429688e-02 1.294135749340057373e-01
