1.222833395004272461e-01 3.232731521129608154e-01
1.865366697311401367e-01 2.366097271442413330e-01
1.959791779518127441e-01 1.409685909748077393e-01
1.626458168029785156e-01 7.720881700515747070e-02
1.194612383842468262e-01 5.700644850730895996e-02
1.872357726097106934e-01 7.994002103805541992e-02
1.458675861358642578e-01 0.000000000000000000e+00
1.354050040245056152e-01 3.716793656349182129e-02
1.459621191024780273e-01 7.746624946594238281e-02
1.258419156074523926e-01 8.678629994392395020e-02
9.232145547866821289e-02 2.264398336410522461e-02
8.502936363220214844e-02 6.131145358085632324e-02
9.727472066879272461e-02 9.811410307884216309e-02
6.630331277847290039e-02 1.067176163196563721e-01
4.097741842269897461e-02 5.415776371955871582e-02
3.977620601654052734e-02 8.833429217338562012e-02
5.411875247955322266e-02 1.220678091049194336e-01
1.392155885696411133e-02 1.339820921421051025e-01
0.000000000000000000e+00 8.359262347221374512e-02
3.826975822448730469e-03 1.128855347633361816e-01
1.585596799850463867e-02 1.439737379550933838e-01
