1.416347622871398926e-01 3.872722983360290527e-01
1.981598734855651855e-01 2.844808101654052734e-01
2.169913649559020996e-01 1.580702662467956543e-01
1.904920935630798340e-01 6.103789806365966797e-02
1.375635862350463867e-01 3.077211976051330566e-02
2.168769836425781250e-01 1.362742185592651367e-01
1.589318513870239258e-01 0.000000000000000000e+00
1.489580273628234863e-01 4.339107871055603027e-02
1.624602079391479492e-01 9.461927413940429688e-02
1.546888351440429688e-01 1.700783967971801758e-01
9.935677051544189453e-02 3.118377923965454102e-02
9.379684925079345703e-02 7.591652870178222656e-02
1.083539128303527832e-01 1.262851357460021973e-01
9.162527322769165039e-02 2.022593617439270020e-01
4.515326023101806641e-02 7.318469882011413574e-02
4.548317193984985352e-02 1.153134703636169434e-01
6.134903430938720703e-02 1.640793085098266602e-01
3.262537717819213867e-02 2.333002686500549316e-01
0.000000000000000000e+00 1.158539056777954102e-01
5.369961261749267578e-03 1.517921686172485352e-01
1.823872327804565430e-02 1.996442675590515137e-01
