1.528933942317962646e-01 3.920129835605621338e-01
2.081560790538787842e-01 2.887656986713409424e-01
2.250326573848724365e-01 1.632049977779388428e-01
1.881534159183502197e-01 6.963774561882019043e-02
1.328460276126861572e-01 4.108378291130065918e-02
2.324577867984771729e-01 1.286354959011077881e-01
1.593032777309417725e-01 0.000000000000000000e+00
1.454866826534271240e-01 5.048319697380065918e-02
1.607936322689056396e-01 9.770259261131286621e-02
1.708470284938812256e-01 1.651579439640045166e-01
9.642305970191955566e-02 3.516748547554016113e-02
9.093722701072692871e-02 8.471539616584777832e-02
1.105848848819732666e-01 1.291189491748809814e-01
1.082480847835540771e-01 2.007471621036529541e-01
4.298573732376098633e-02 7.592639327049255371e-02
4.505303502082824707e-02 1.242085397243499756e-01
6.619951128959655762e-02 1.694259941577911377e-01
4.848763346672058105e-02 2.363627254962921143e-01
0.000000000000000000e+00 1.281436979770660400e-01
8.006066083908081055e-03 1.661243736743927002e-01
2.725705504417419434e-02 2.072307169437408447e-01
