7.799454609741586220e-01 1.000000000000000000e+00
9.916895880578294742e-01 6.290237264406333129e-01
9.457847053259188508e-01 3.034951135406923073e-01
7.254457945451789902e-01 1.738896193831314663e-01
4.863845952507621084e-01 2.009321638253439291e-01
1.000000000000000000e+00 5.960684632929889176e-02
5.892172921642625516e-01 0.000000000000000000e+00
5.497234017290589803e-01 1.882811782702106529e-01
6.370688258365678758e-01 3.083495770150836979e-01
7.387919153142882278e-01 6.398554567363470835e-02
3.817361174432388204e-01 6.435502799218077719e-02
3.740738238259579407e-01 2.445057033268432933e-01
4.809779239615510904e-01 3.624836334357014467e-01
4.643341404199518019e-01 1.599761617130624758e-01
1.588313009663391839e-01 2.026115277370487688e-01
1.974865079214097596e-01 3.924620042523853658e-01
3.331803782833129834e-01 4.954055652717781477e-01
2.035281777313628360e-01 2.993963081816406469e-01
0.000000000000000000e+00 4.009816878108116711e-01
5.616588155572013741e-02 5.652624298247908019e-01
1.770205974365214596e-01 6.361511739132128529e-01
