1.772271096706390381e-01 3.729406595230102539e-01
2.093890011310577393e-01 2.666927576065063477e-01
2.156915366649627686e-01 1.286147832870483398e-01
1.757914125919342041e-01 2.817851305007934570e-02
1.228746473789215088e-01 1.092910766601562500e-03
2.128985226154327393e-01 1.131483018398284912e-01
1.142595112323760986e-01 0.000000000000000000e+00
1.132719218730926514e-01 4.578626155853271484e-02
1.365825235843658447e-01 8.278310298919677734e-02
1.674297749996185303e-01 1.640890836715698242e-01
6.649145483970642090e-02 4.707071185111999512e-02
7.085153460502624512e-02 9.147843718528747559e-02
9.735503792762756348e-02 1.288560628890991211e-01
1.180213391780853271e-01 2.124305963516235352e-01
2.673014998435974121e-02 1.003887951374053955e-01
3.449517488479614258e-02 1.428059935569763184e-01
6.210193037986755371e-02 1.801011562347412109e-01
6.644532084465026855e-02 2.575765848159790039e-01
0.000000000000000000e+00 1.599323153495788574e-01
8.937031030654907227e-03 1.945790648460388184e-01
3.007754683494567871e-02 2.301045060157775879e-01
