9.375941899584515626e-01 1.000000000000000000e+00
1.000000000000000000e+00 6.950442428048456689e-01
8.835211621403010751e-01 3.638859127799786153e-01
5.751240753555415530e-01 1.840204119304412744e-01
3.070470622219845236e-01 1.988838765136433095e-01
9.789041991277293020e-01 2.168143772880003484e-01
3.955313485767820714e-01 0.000000000000000000e+00
3.827182831878288560e-01 1.648759893007240573e-01
5.176269705732042814e-01 2.574499675125143106e-01
8.471806292717608544e-01 3.899211694599079570e-01
2.398183413327914237e-01 1.836971366544256079e-01
2.658530954939922752e-01 3.254227931943596275e-01
4.139647728696072004e-01 3.943798409312887499e-01
6.661508460992622283e-01 5.724630888736680356e-01
1.047254159482186725e-01 3.588325971529381375e-01
1.552216142521016529e-01 4.876122065928961136e-01
3.157628944944598781e-01 5.631517691843321849e-01
4.564921277440290859e-01 7.544982610957320368e-01
0.000000000000000000e+00 5.266798877350223895e-01
5.252212883983269770e-02 6.128509040350704762e-01
1.974543258188519723e-01 7.011376858352962316e-01
