2.198795378208160400e-01 3.396084904670715332e-01
2.159914672374725342e-01 2.213382720947265625e-01
1.755423843860626221e-01 1.078763902187347412e-01
1.094206273555755615e-01 4.564833641052246094e-02
5.661687254905700684e-02 4.996436834335327148e-02
1.892352998256683350e-01 4.324907064437866211e-02
4.864636063575744629e-02 0.000000000000000000e+00
4.469296336174011230e-02 6.917279958724975586e-02
7.619574666023254395e-02 9.923115372657775879e-02
1.739132106304168701e-01 1.126593351364135742e-01
2.700525522232055664e-02 7.837718725204467773e-02
3.350439667701721191e-02 1.350925564765930176e-01
6.929513812065124512e-02 1.524440646171569824e-01
1.478861272335052490e-01 1.909204721450805664e-01
1.074197888374328613e-02 1.506720781326293945e-01
2.347612380981445312e-02 2.001688480377197266e-01
6.236085295677185059e-02 2.183167934417724609e-01
1.155040562152862549e-01 2.700141668319702148e-01
0.000000000000000000e+00 2.211656570434570312e-01
1.285004615783691406e-02 2.497377991676330566e-01
5.022796988487243652e-02 2.688027620315551758e-01
