2.225085496902465820e-01 3.150080144405364990e-01
2.032241821289062500e-01 1.988634765148162842e-01
1.440057754516601562e-01 9.186291694641113281e-02
5.956155061721801758e-02 4.708465933799743652e-02
1.987963914871215820e-03 5.127725005149841309e-02
1.689674854278564453e-01 1.936832070350646973e-02
1.870447397232055664e-02 0.000000000000000000e+00
2.565211057662963867e-02 6.927874684333801270e-02
6.227260828018188477e-02 9.141114354133605957e-02
1.627007126808166504e-01 9.130406379699707031e-02
3.961622714996337891e-03 8.457571268081665039e-02
2.324670553207397461e-02 1.402105391025543213e-01
6.137424707412719727e-02 1.478264629840850830e-01
1.480597853660583496e-01 1.727260649204254150e-01
0.000000000000000000e+00 1.616217195987701416e-01
2.555066347122192383e-02 2.114386260509490967e-01
6.843155622482299805e-02 2.171714603900909424e-01
1.274309754371643066e-01 2.560999691486358643e-01
6.288409233093261719e-03 2.381003797054290771e-01
2.748903632164001465e-02 2.697013914585113525e-01
6.845682859420776367e-02 2.778311669826507568e-01
