1.000000000000000000e+00 9.352397290463035917e-01
7.814936606292891552e-01 5.994409772399291736e-01
4.647110886960561515e-01 3.373490395882011161e-01
1.583167197555493677e-01 3.109871149413788727e-01
0.000000000000000000e+00 3.963774453531480613e-01
6.182402057846658749e-01 0.000000000000000000e+00
8.676705086342023643e-02 1.035766957634513680e-01
1.197978487422148852e-01 3.387716554462624208e-01
2.593842141523505229e-01 3.886195683718313698e-01
6.927494753815135464e-01 2.369855361279849248e-01
1.026636632300681751e-01 4.087123954679933724e-01
1.774657746740157249e-01 5.828664080212436760e-01
3.293946556814820736e-01 5.800746618278775912e-01
7.299116932698571647e-01 5.276713294817153566e-01
1.754915777464599591e-01 6.787403961296291088e-01
2.680523102306875405e-01 8.125219513499647439e-01
4.316583728703720646e-01 7.864210162447418107e-01
7.360507520228344314e-01 8.293724662471685383e-01
2.624813104311124468e-01 8.998681680911314595e-01
3.175582864865463262e-01 9.930605505641236785e-01
4.678182401154014070e-01 1.000000000000000000e+00
