1.000000000000000000e+00 9.017766343443541777e-01
5.802148257637237405e-01 7.033833556042198287e-01
2.454338741729424900e-01 5.183935393929964830e-01
2.114269053347227201e-02 6.053793048958345802e-01
3.791895584807527479e-03 8.237624181743465890e-01
4.656987541369079775e-01 0.000000000000000000e+00
0.000000000000000000e+00 3.044885644665800140e-01
9.486857236869553067e-02 5.652106624940487212e-01
2.617822180308730373e-01 6.012491788416668426e-01
6.387430729403966723e-01 1.439454412832592012e-01
1.354747948251556200e-01 5.729123436642823419e-01
2.542386144725841679e-01 7.549288845320039076e-01
4.123123998697968418e-01 7.029375984830003032e-01
7.798018243997020260e-01 3.885745668784335582e-01
3.011432137973851231e-01 7.742784904778214905e-01
4.076329591210674508e-01 9.086067575069042279e-01
5.587866971228263591e-01 8.350163091310363050e-01
8.806519868354342195e-01 6.702570240855462158e-01
4.993733796791166579e-01 9.253119587125866463e-01
5.455813544568531848e-01 1.000000000000000000e+00
6.740197817329510732e-01 9.513245034461159655e-01
