9.286120287823004249e-01 1.000000000000000000e+00
5.293750670624509658e-01 9.568495847291473844e-01
2.215742132242604634e-01 8.611471466100101280e-01
1.843440067884336009e-02 8.292134060196205692e-01
9.415599265076542157e-02 8.400859879789756013e-01
2.942380689902354685e-01 0.000000000000000000e+00
0.000000000000000000e+00 3.659259982841565617e-01
1.243609828573109255e-01 6.545108872675022837e-01
2.426597070849228488e-01 6.506873659119177811e-01
5.500823318154735020e-01 8.807585616440240586e-03
2.321195149146267622e-01 5.286576544734858940e-01
3.519514690306380644e-01 7.934099423655692762e-01
4.604850280469033885e-01 7.143557397316978586e-01
7.916260449435877922e-01 1.565825388564615339e-01
4.851986550247705532e-01 6.570570413988204850e-01
5.631038814033034745e-01 8.772684626150628606e-01
6.604360015787170690e-01 7.853211233219291598e-01
1.000000000000000000e+00 3.756858891073203144e-01
7.528323253662622117e-01 7.619650598482625714e-01
7.848764935532188680e-01 8.933167359197269342e-01
8.680198503608504979e-01 8.132584161636455811e-01
