1.000000000000000000e+00 9.361701498425952783e-01
6.093655297760522949e-01 1.000000000000000000e+00
2.612849502018090297e-01 9.945196128612640019e-01
8.586004836164418119e-02 9.988225174533035267e-01
2.230467432942473405e-01 9.508182517900198860e-01
1.190104118797510879e-01 1.132419468134967383e-01
0.000000000000000000e+00 4.899239806314526491e-01
1.855970633508329248e-01 7.719712492717407670e-01
3.064255064236682258e-01 7.812734709239032016e-01
3.745268901166334818e-01 0.000000000000000000e+00
2.794446141329514632e-01 4.958468821412262972e-01
4.334298417481906029e-01 7.990126014729813653e-01
5.109002553049621920e-01 7.481103048124423394e-01
6.635088656719199118e-01 1.756530126520773616e-02
5.843434276032029029e-01 5.146342459900147270e-01
6.753625801337537204e-01 7.748416778874364086e-01
7.344682346891934221e-01 7.004398965261198207e-01
9.476812422239506706e-01 9.593393917639969626e-02
8.569765939815109368e-01 4.812189343136706321e-01
8.810317654367090245e-01 6.791312960950187660e-01
9.239896770073695587e-01 6.377568596025673386e-01
