1.000000000000000000e+00 8.054413869154561922e-01
6.582720768209534556e-01 9.231239630134742136e-01
3.200010182222622346e-01 9.733259248713326262e-01
1.752122928146143677e-01 1.000000000000000000e+00
3.344871880225732119e-01 9.036540753915353053e-01
5.115209238147827575e-02 1.904749291686218815e-01
0.000000000000000000e+00 5.362611807928598928e-01
2.260495195426876491e-01 7.595237715412520574e-01
3.457749650475627212e-01 7.472103137349213053e-01
2.988347882162964986e-01 3.511083245769205247e-02
3.056540054644594773e-01 4.870416628666192627e-01
4.975902073126634018e-01 7.443813728550300324e-01
5.526591918709311546e-01 6.655703467278607510e-01
6.005435740384652554e-01 0.000000000000000000e+00
6.300730639743825634e-01 4.379309040520896201e-01
7.404345198233515113e-01 6.673891522417871869e-01
7.708365479132317510e-01 5.790715363057278298e-01
9.050977689183737906e-01 1.886488998022570890e-02
9.035717409381481824e-01 3.326992396192989809e-01
9.442434543320787910e-01 5.122222065036544647e-01
9.647045001507752460e-01 4.651521860029632083e-01
