1.000000000000000000e+00 7.336350825793999109e-01
7.023285115090029951e-01 8.770241567803669369e-01
3.910019491409038594e-01 9.766142843972634990e-01
2.863968360163944293e-01 1.000000000000000000e+00
4.763312304786671558e-01 8.592657921852143721e-01
0.000000000000000000e+00 3.438477607154351023e-01
4.852579682316491422e-02 6.168059391033204886e-01
2.932071116554090251e-01 7.739615104285101355e-01
3.852541883850353344e-01 7.414521394834071577e-01
2.094628459977094237e-01 1.518166877801123138e-01
3.188299358812019535e-01 4.886104980159143296e-01
5.210203569939131363e-01 6.812101898582673121e-01
5.402421369740816326e-01 6.250414794929232132e-01
4.852790093777994418e-01 5.339643611237068765e-02
6.206359465932872466e-01 3.798931382747231522e-01
7.502017808117346087e-01 5.606531454175566198e-01
7.443959364129003609e-01 5.024928828746095810e-01
7.745447489740866498e-01 0.000000000000000000e+00
8.496039350723147976e-01 2.379982647242475380e-01
9.196996785870429347e-01 4.121217318384650108e-01
9.143970577673957711e-01 4.068567088402043064e-01
