6.901439066617638396e-01 1.000000000000000000e+00
9.666570269248840885e-01 6.714638122796684483e-01
1.000000000000000000e+00 3.756489377139296537e-01
8.138403071438785608e-01 1.881104197075618989e-01
5.834351570958713484e-01 1.606471878654409102e-01
8.744570463320463505e-01 5.057883707630193154e-02
6.461732778697064639e-01 0.000000000000000000e+00
6.188321612428755447e-01 1.488280283048662722e-01
6.772113312291884180e-01 2.741884544143128877e-01
5.583115002757860212e-01 7.275560591704864633e-02
4.104841448591448616e-01 6.736788643910100738e-02
4.056320350963207866e-01 2.025010029619386531e-01
4.683037629466200724e-01 3.329413245926267084e-01
2.767419843312700634e-01 1.911589972087782696e-01
1.869436400686400601e-01 1.988357105665241042e-01
2.137395686502829295e-01 3.285777999709781350e-01
2.905957615779044545e-01 4.471466799825868921e-01
4.274842444485301568e-02 3.510202470273915409e-01
0.000000000000000000e+00 3.674735175368962214e-01
5.529477181262895669e-02 4.940586241922955701e-01
1.276004959040673292e-01 5.926342048432391429e-01
