2.325682342052459717e-01 2.213726937770843506e-01
1.892072856426239014e-01 2.892636358737945557e-01
1.333551108837127686e-01 3.442099988460540771e-01
1.245293915271759033e-01 3.489874899387359619e-01
1.527117788791656494e-01 2.960615456104278564e-01
0.000000000000000000e+00 1.934722959995269775e-01
5.048355460166931152e-02 2.610712945461273193e-01
1.065447330474853516e-01 2.801075279712677002e-01
1.081592738628387451e-01 2.567705214023590088e-01
2.788385748863220215e-02 1.088937819004058838e-01
9.782788157463073730e-02 1.865023672580718994e-01
1.480061113834381104e-01 2.239731848239898682e-01
1.328406631946563721e-01 2.037688195705413818e-01
7.524591684341430664e-02 4.785838723182678223e-02
1.477040946483612061e-01 1.176644563674926758e-01
1.858745515346527100e-01 1.627145707607269287e-01
1.725863516330718994e-01 1.530501544475555420e-01
1.295043528079986572e-01 0.000000000000000000e+00
1.798050105571746826e-01 4.844939708709716797e-02
2.071634829044342041e-01 1.003697514533996582e-01
1.997720897197723389e-01 1.108501255512237549e-01
