2.242172658443450928e-01 1.967270672321319580e-01
1.913475692272186279e-01 2.836733162403106689e-01
1.434467732906341553e-01 3.557137548923492432e-01
1.470029056072235107e-01 3.376056849956512451e-01
1.802517473697662354e-01 2.562440931797027588e-01
0.000000000000000000e+00 2.294678390026092529e-01
6.885692477226257324e-02 2.715614140033721924e-01
1.197861135005950928e-01 2.845726907253265381e-01
1.109395921230316162e-01 2.727591693401336670e-01
1.168036460876464844e-02 1.348367035388946533e-01
1.033194661140441895e-01 1.820446550846099854e-01
1.515886485576629639e-01 2.123167216777801514e-01
1.281959712505340576e-01 2.037352621555328369e-01
4.748004674911499023e-02 6.082084774971008301e-02
1.443729698657989502e-01 1.029205918312072754e-01
1.784332692623138428e-01 1.436468064785003662e-01
1.541390717029571533e-01 1.451405584812164307e-01
9.421840310096740723e-02 0.000000000000000000e+00
1.678335368633270264e-01 3.381443023681640625e-02
1.957422196865081787e-01 8.573025465011596680e-02
1.824893653392791748e-01 1.081289350986480713e-01
