2.230186462402343750e-01 1.801687479019165039e-01
2.002041935920715332e-01 2.654907107353210449e-01
1.581478118896484375e-01 3.429584503173828125e-01
1.512548923492431641e-01 3.295551538467407227e-01
1.701723337173461914e-01 2.386997938156127930e-01
0.000000000000000000e+00 2.475661039352416992e-01
6.410568952560424805e-02 2.697784304618835449e-01
1.231355071067810059e-01 2.704919576644897461e-01
1.179467439651489258e-01 2.615808844566345215e-01
4.651546478271484375e-04 1.501003503799438477e-01
8.723738789558410645e-02 1.721659302711486816e-01
1.483309268951416016e-01 1.933971047401428223e-01
1.294978260993957520e-01 1.906869411468505859e-01
2.721652388572692871e-02 6.907251477241516113e-02
1.172786355018615723e-01 8.458888530731201172e-02
1.624858379364013672e-01 1.207455992698669434e-01
1.427283883094787598e-01 1.300593614578247070e-01
6.596076488494873047e-02 0.000000000000000000e+00
1.339513659477233887e-01 1.028180122375488281e-02
1.694097518920898438e-01 5.424571037292480469e-02
1.589705348014831543e-01 7.916474342346191406e-02
