2.267926931381225586e-01 2.005636394023895264e-01
1.800425648689270020e-01 2.840292751789093018e-01
1.225078105926513672e-01 3.274126350879669189e-01
1.116619110107421875e-01 2.803525030612945557e-01
1.323217153549194336e-01 2.049622237682342529e-01
0.000000000000000000e+00 2.136456668376922607e-01
2.906143665313720703e-03 2.116946280002593994e-01
6.844374537467956543e-02 2.264519631862640381e-01
8.992898464202880859e-02 2.306315004825592041e-01
2.083534002304077148e-02 1.357422173023223877e-01
3.178000450134277344e-02 1.207163631916046143e-01
9.622675180435180664e-02 1.469503939151763916e-01
1.047704815864562988e-01 1.583394706249237061e-01
5.483058094978332520e-02 7.186409831047058105e-02
6.498518586158752441e-02 5.474787950515747070e-02
1.165361404418945312e-01 8.337882161140441895e-02
1.220195889472961426e-01 9.667822718620300293e-02
9.456926584243774414e-02 2.222785353660583496e-02
9.452849626541137695e-02 0.000000000000000000e+00
1.312936544418334961e-01 2.595064043998718262e-02
1.405275464057922363e-01 3.911909461021423340e-02
