2.421816587448120117e-01 2.743035554885864258e-01
1.833967566490173340e-01 3.299929499626159668e-01
1.039821505546569824e-01 3.399991393089294434e-01
8.661633729934692383e-02 2.656895518302917480e-01
1.243087649345397949e-01 1.949713826179504395e-01
4.537180066108703613e-02 2.218204140663146973e-01
0.000000000000000000e+00 1.660430431365966797e-01
5.807885527610778809e-02 1.911393404006958008e-01
9.127902984619140625e-02 2.142871022224426270e-01
7.721781730651855469e-02 1.496016681194305420e-01
4.896560311317443848e-02 9.546884894371032715e-02
1.194403767585754395e-01 1.449147462844848633e-01
1.344605684280395508e-01 1.729664802551269531e-01
1.151756048202514648e-01 9.409716725349426270e-02
1.027553677558898926e-01 4.364055395126342773e-02
1.555615067481994629e-01 9.533637762069702148e-02
1.625120043754577637e-01 1.271482110023498535e-01
1.585286259651184082e-01 5.226111412048339844e-02
1.452928781509399414e-01 0.000000000000000000e+00
1.762942075729370117e-01 3.812807798385620117e-02
1.828184723854064941e-01 7.031413912773132324e-02
