2.329812049865722656e-01 3.015254139900207520e-01
1.589608788490295410e-01 3.336286544799804688e-01
7.614195346832275391e-02 3.117461204528808594e-01
6.337696313858032227e-02 2.271823883056640625e-01
1.048809885978698730e-01 1.656781435012817383e-01
4.000425338745117188e-02 1.925188899040222168e-01
0.000000000000000000e+00 1.258780360221862793e-01
5.457139015197753906e-02 1.795671582221984863e-01
7.919287681579589844e-02 2.082446813583374023e-01
8.499908447265625000e-02 1.365992426872253418e-01
5.552858114242553711e-02 7.323974370956420898e-02
1.136760711669921875e-01 1.495223641395568848e-01
1.203522682189941406e-01 1.758688092231750488e-01
1.326647996902465820e-01 9.258621931076049805e-02
1.102819442749023438e-01 2.945223450660705566e-02
1.579324007034301758e-01 1.054857075214385986e-01
1.626921892166137695e-01 1.372452378273010254e-01
1.847022771835327148e-01 6.023389101028442383e-02
1.635056138038635254e-01 0.000000000000000000e+00
1.899091601371765137e-01 5.450972914695739746e-02
1.949384212493896484e-01 8.725559711456298828e-02
