9.572916644201135972e-01 1.000000000000000000e+00
4.952683740059580231e-01 9.745023263227365895e-01
3.175881539741807341e-02 7.354370527091120824e-01
0.000000000000000000e+00 4.324182156637220165e-01
3.191289556408715145e-01 3.807394979615858488e-01
1.403944218111706221e-01 3.246204261144154390e-01
6.970733395096855196e-03 1.072104210871781538e-01
1.598382235274652952e-01 3.878593627707406233e-01
2.269017624170713843e-01 4.751298330858219066e-01
4.144232715585142723e-01 2.332057611614810899e-01
2.911659163949492646e-01 4.550829115576077860e-02
4.392144345479714329e-01 3.974449908710845913e-01
4.824791964046112325e-01 4.456198824272965542e-01
6.924580207800258291e-01 1.793833572723272651e-01
5.991179750027190165e-01 1.453375359315449249e-02
7.055808692881964106e-01 3.642430930817391332e-01
7.404856806501375344e-01 4.265225933011650983e-01
1.000000000000000000e+00 1.559065766727454894e-01
9.102644010730461810e-01 0.000000000000000000e+00
9.439965887310430848e-01 2.527533564016125056e-01
9.717840117102158892e-01 3.278648821511333522e-01
