0.000000000000000000e+00 1.560398042201995850e-01
7.621017098426818848e-02 1.956360638141632080e-01
1.364728510379791260e-01 2.304016053676605225e-01
1.715926229953765869e-01 2.573800981044769287e-01
1.563418805599212646e-01 2.617879211902618408e-01
2.002019584178924561e-01 3.648024797439575195e-02
1.969917118549346924e-01 1.589033305644989014e-01
1.634230911731719971e-01 2.068533003330230713e-01
1.500681340694427490e-01 1.937064826488494873e-01
1.438907086849212646e-01 3.724902868270874023e-03
1.326900422573089600e-01 1.618435680866241455e-01
1.053505241870880127e-01 2.093574702739715576e-01
9.971591830253601074e-02 1.869421303272247314e-01
7.785198092460632324e-02 0.000000000000000000e+00
6.697681546211242676e-02 1.529062688350677490e-01
5.419841408729553223e-02 1.938850581645965576e-01
5.276706814765930176e-02 1.704018414020538330e-01
1.415184140205383301e-02 1.385390758514404297e-02
1.055940985679626465e-02 1.307075917720794678e-01
1.284119486808776855e-02 1.705161631107330322e-01
1.831510663032531738e-02 1.642155945301055908e-01
