0.000000000000000000e+00 1.836619973182678223e-01
7.460474967956542969e-02 2.145063281059265137e-01
1.293364167213439941e-01 2.436077594757080078e-01
1.663944125175476074e-01 2.653174996376037598e-01
1.752068996429443359e-01 2.735336422920227051e-01
1.957638859748840332e-01 3.061079978942871094e-02
2.089369893074035645e-01 1.489041447639465332e-01
1.699776649475097656e-01 2.051206231117248535e-01
1.470077633857727051e-01 1.969333291053771973e-01
1.397027373313903809e-01 3.776550292968750000e-04
1.455543637275695801e-01 1.539301276206970215e-01
1.115670800209045410e-01 2.131277918815612793e-01
1.012005805969238281e-01 1.913993954658508301e-01
7.610291242599487305e-02 0.000000000000000000e+00
7.995802164077758789e-02 1.568368077278137207e-01
5.821669101715087891e-02 2.045049667358398438e-01
4.968976974487304688e-02 1.783938407897949219e-01
1.333618164062500000e-02 1.713693141937255859e-02
1.825052499771118164e-02 1.374098062515258789e-01
1.033794879913330078e-02 1.796329617500305176e-01
5.190968513488769531e-03 1.665783524513244629e-01
