0.000000000000000000e+00 8.888406078350307160e-01
3.824187191239678540e-01 9.700008015592436195e-01
7.332815674632300329e-01 1.000000000000000000e+00
9.109392898838423180e-01 9.239005982163197572e-01
7.370753838196901775e-01 8.313036306415004795e-01
8.460745510842708761e-01 1.313386461242501135e-01
1.000000000000000000e+00 4.260591128848539300e-01
8.291825062455155937e-01 6.801451665977606975e-01
7.184780834189619103e-01 6.795144660349817789e-01
5.838471278859358460e-01 0.000000000000000000e+00
7.140781673784474259e-01 4.227336967068571205e-01
5.509421434088374037e-01 7.141325441490393722e-01
4.831561083955369651e-01 6.616890540757177641e-01
2.933936780702488534e-01 2.940456804394232359e-03
3.976458418790462246e-01 4.765894076055315898e-01
2.964557298919090478e-01 7.037774534040955876e-01
2.438172481867083297e-01 6.188436031353622413e-01
1.236577800398670421e-02 8.094546022156784426e-02
9.776258946418209250e-02 4.704707684000033474e-01
7.730665653299456652e-02 6.536015322437752628e-01
4.868195954853941909e-02 6.119679123178561886e-01
