1.025177240371704102e-01 2.846678495407104492e-01
1.798168420791625977e-01 1.968775391578674316e-01
1.970832943916320801e-01 1.116197705268859863e-01
1.688448190689086914e-01 5.212640762329101562e-02
1.301470398902893066e-01 4.683575034141540527e-02
1.411350369453430176e-01 2.383878827095031738e-02
1.510239839553833008e-01 0.000000000000000000e+00
1.521109938621520996e-01 3.637802600860595703e-02
1.464809775352478027e-01 7.286536693572998047e-02
8.225834369659423828e-02 3.161966800689697266e-02
1.003555059432983398e-01 1.659476757049560547e-02
1.086217761039733887e-01 4.901874065399169922e-02
1.079463362693786621e-01 8.522605895996093750e-02
3.580462932586669922e-02 6.332790851593017578e-02
5.754512548446655273e-02 4.726046323776245117e-02
6.919276714324951172e-02 7.497721910476684570e-02
7.048499584197998047e-02 1.110665202140808105e-01
0.000000000000000000e+00 1.051871776580810547e-01
1.998853683471679688e-02 8.581113815307617188e-02
3.459644317626953125e-02 1.090827584266662598e-01
3.848248720169067383e-02 1.375886201858520508e-01
