2.773392200469970703e-02 2.741932868957519531e-01
1.013981103897094727e-01 2.738044261932373047e-01
1.903789043426513672e-01 2.366856932640075684e-01
2.204723954200744629e-01 1.629346609115600586e-01
1.735190749168395996e-01 1.074525713920593262e-01
1.731724739074707031e-01 3.052508831024169922e-02
2.199279665946960449e-01 2.219304442405700684e-02
1.921334862709045410e-01 1.174719333648681641e-01
1.707314848899841309e-01 1.314335465431213379e-01
1.183729767799377441e-01 0.000000000000000000e+00
1.598445177078247070e-01 2.884829044342041016e-02
1.327574253082275391e-01 1.389421820640563965e-01
1.141279339790344238e-01 1.289940476417541504e-01
6.077706813812255859e-02 8.373856544494628906e-04
9.764462709426879883e-02 4.527902603149414062e-02
8.193379640579223633e-02 1.454689502716064453e-01
6.429654359817504883e-02 1.377758383750915527e-01
0.000000000000000000e+00 1.558935642242431641e-02
3.693610429763793945e-02 5.566012859344482422e-02
3.870826959609985352e-02 1.314489841461181641e-01
2.692741155624389648e-02 1.355693340301513672e-01
