5.119180679321289062e-02 3.101510703563690186e-01
1.281754374504089355e-01 2.779206931591033936e-01
2.007610201835632324e-01 2.080008685588836670e-01
2.249060273170471191e-01 1.357010304927825928e-01
1.838904619216918945e-01 1.011285483837127686e-01
1.422691345214843750e-01 2.598768472671508789e-02
1.950202584266662598e-01 0.000000000000000000e+00
1.884100437164306641e-01 9.796473383903503418e-02
1.721429824829101562e-01 1.187691986560821533e-01
9.319198131561279297e-02 2.207294106483459473e-02
1.527729630470275879e-01 2.061170339584350586e-02
1.437229514122009277e-01 1.292115151882171631e-01
1.210079193115234375e-01 1.349325478076934814e-01
4.579210281372070312e-02 4.016098380088806152e-02
1.108140349388122559e-01 5.783134698867797852e-02
1.036385893821716309e-01 1.531931459903717041e-01
8.016759157180786133e-02 1.551679670810699463e-01
0.000000000000000000e+00 7.252264022827148438e-02
6.454449892044067383e-02 9.130248427391052246e-02
6.529831886291503906e-02 1.598741114139556885e-01
4.356539249420166016e-02 1.698496043682098389e-01
