6.394053949161279671e-02 1.000000000000000000e+00
2.363289220800229504e-02 7.030159614489940312e-01
1.534629092936695971e-01 3.649666149221020839e-01
4.339176989476646873e-01 1.620668307246101447e-01
6.948564386366977708e-01 9.661900701606170039e-02
0.000000000000000000e+00 1.257389438852562213e-01
7.149293781890877497e-01 0.000000000000000000e+00
7.364505113944802561e-01 1.692536338242714156e-01
5.888323109654612919e-01 2.385427038858549398e-01
9.053157865740833754e-02 2.167420208854499153e-01
8.860194044615031794e-01 1.412556994296958746e-01
8.448801073214312618e-01 3.136677880599721968e-01
6.619209988781499243e-01 3.677499956052799890e-01
2.382452258210085994e-01 3.447472479045017857e-01
9.893454073452578879e-01 3.083049242968143311e-01
9.051989345056438152e-01 4.649425788495440970e-01
7.060602009223944098e-01 4.993122480759393800e-01
4.238919318383988499e-01 4.945894469980233188e-01
1.000000000000000000e+00 4.830319425654478471e-01
9.159668701577011740e-01 6.216673445848608370e-01
7.325361425553126304e-01 6.525809363834256249e-01
