1.187875763193223799e-01 1.000000000000000000e+00
0.000000000000000000e+00 5.997958146675433921e-01
7.744773591273979019e-02 3.029347299754488465e-01
3.019072826776595386e-01 1.597158249608445491e-01
5.444829755577528241e-01 1.644573355550828786e-01
1.504176356210391308e-01 1.289951202058510771e-01
5.391153386511322587e-01 0.000000000000000000e+00
5.702909114742676921e-01 1.459909253868251211e-01
4.681738337955729246e-01 2.419151740103855641e-01
3.808660598028705824e-01 2.338802552185935135e-01
7.415969418321215478e-01 1.611422651126371286e-01
7.405004077448181787e-01 2.988981760576544522e-01
6.233623884646635194e-01 3.846309920617209666e-01
6.057212386822389272e-01 3.922686140775833441e-01
8.873164832496169829e-01 3.596646012214144705e-01
8.482814748606407607e-01 4.776557678808292517e-01
7.203618116621706147e-01 5.479306113477669937e-01
7.951520352389018775e-01 5.771780033348652417e-01
1.000000000000000000e+00 5.481513421534773833e-01
9.280636185951849360e-01 6.496212188411483179e-01
8.067861757043537363e-01 7.095365605471882775e-01
