1.273741527473526425e-01 1.000000000000000000e+00
0.000000000000000000e+00 6.197992657363936564e-01
9.510641633557397057e-02 3.527455611567431593e-01
2.977226434465606308e-01 1.921411380016054549e-01
5.193455131525088753e-01 1.806147111939158389e-01
2.147771354182870518e-01 1.583595050446642283e-01
5.069244279004848641e-01 0.000000000000000000e+00
5.140068530546237913e-01 1.193180114164608951e-01
4.157642827382205253e-01 2.101793180956008922e-01
4.807258601242382912e-01 2.701427469765074751e-01
7.196668149034721740e-01 1.508100032849465921e-01
6.956033451495757802e-01 2.536403188695715016e-01
5.924457791857223876e-01 3.375559716838656965e-01
7.215884031235874074e-01 4.293001625636403418e-01
8.789924045412924603e-01 3.361799947279501266e-01
8.314739679698694985e-01 4.249237999378087660e-01
7.284963602678998784e-01 5.058872977447166353e-01
9.019562988136785586e-01 6.094468609467906806e-01
1.000000000000000000e+00 5.299858798158535445e-01
9.305281805487689573e-01 5.998956113078629526e-01
8.396248571771930402e-01 6.646955233351344861e-01
