6.758056595458816762e-02 1.000000000000000000e+00
0.000000000000000000e+00 6.014138104388903061e-01
1.260137392203296569e-01 3.263021468560175498e-01
3.482447368534272170e-01 2.060953517012428515e-01
5.622613352870061698e-01 2.283068484022774403e-01
2.135362727340335554e-01 1.180708526442293405e-01
5.973650616679194725e-01 0.000000000000000000e+00
6.150101934762980394e-01 1.403199981556730869e-01
4.952591269565666532e-01 2.273203566095322037e-01
4.554913550593385207e-01 2.512363683418311067e-01
7.928447143583272627e-01 2.066278267284615278e-01
7.674234075651144016e-01 3.290359152918498342e-01
6.283446863931073656e-01 3.964186406418257480e-01
6.710156168850924807e-01 4.385497046102223573e-01
9.125481478112452693e-01 4.288615036916285650e-01
8.535234025866906826e-01 5.326851168767811062e-01
7.126401564577223846e-01 5.923154408833730677e-01
8.373911584423311405e-01 6.449265392692895560e-01
1.000000000000000000e+00 6.472577907938340536e-01
9.098327556927661153e-01 7.319482785290600813e-01
7.784834983691052424e-01 7.801549308972353103e-01
