0.000000000000000000e+00 1.000000000000000000e+00
9.111014538770600968e-02 5.888044095768615316e-01
3.452760686492326037e-01 2.683951176375545811e-01
6.402816668994927296e-01 2.036327584120102840e-01
8.591653588196940250e-01 2.766311073687721667e-01
3.999706311531978642e-01 0.000000000000000000e+00
9.284746458388126733e-01 8.060797307369119147e-02
8.876519487838289146e-01 2.682840442972989625e-01
7.536120554052528897e-01 3.122129133471586160e-01
4.702899563011814221e-01 1.678175710148385458e-01
9.985241111977217754e-01 3.299632207099080783e-01
9.234077751192253380e-01 5.060910233862080387e-01
7.806087572182280887e-01 5.360339173273831470e-01
5.500907128021662595e-01 3.910731317759515435e-01
1.000000000000000000e+00 5.775016837629655120e-01
8.936639244821507067e-01 7.152348262987849870e-01
7.454727743939398854e-01 7.178704727334639379e-01
6.229019220510296773e-01 6.410389932284642489e-01
9.509278142935735367e-01 7.949639417021323595e-01
8.433023093862059838e-01 9.093623011987002069e-01
7.176733439589384478e-01 9.096896142952199948e-01
