0.000000000000000000e+00 2.065781056880950928e-01
6.128329038619995117e-02 1.504603922367095947e-01
1.314588189125061035e-01 1.012027859687805176e-01
1.927632689476013184e-01 8.891010284423828125e-02
2.333062291145324707e-01 9.925410151481628418e-02
1.593272089958190918e-01 0.000000000000000000e+00
2.554375529289245605e-01 8.042398095130920410e-02
2.269901633262634277e-01 1.262183189392089844e-01
1.997558474540710449e-01 1.225168406963348389e-01
1.431941390037536621e-01 3.188115358352661133e-02
2.345244288444519043e-01 1.486939489841461182e-01
1.984873414039611816e-01 1.823814809322357178e-01
1.713669300079345703e-01 1.680550277233123779e-01
1.260237693786621094e-01 8.199450373649597168e-02
2.038409709930419922e-01 1.962559521198272705e-01
1.676594018936157227e-01 2.188592851161956787e-01
1.433724761009216309e-01 2.016406953334808350e-01
1.087911725044250488e-01 1.407187879085540771e-01
1.682318449020385742e-01 2.266108095645904541e-01
1.411283612251281738e-01 2.472300231456756592e-01
1.211040616035461426e-01 2.378134429454803467e-01
