0.000000000000000000e+00 2.058691382408142090e-01
6.318396329879760742e-02 2.419739961624145508e-01
1.444765329360961914e-01 2.467340230941772461e-01
1.700289249420166016e-01 1.942598223686218262e-01
1.452463269233703613e-01 1.336062550544738770e-01
1.845132708549499512e-01 1.154029965400695801e-01
2.221550941467285156e-01 8.616483211517333984e-02
1.783345937728881836e-01 1.336923837661743164e-01
1.520797014236450195e-01 1.578838825225830078e-01
1.483101844787597656e-01 6.789278984069824219e-02
1.728040575981140137e-01 4.427915811538696289e-02
1.218133568763732910e-01 1.085820198059082031e-01
1.009860634803771973e-01 1.321778297424316406e-01
1.057868003845214844e-01 3.415209054946899414e-02
1.155915260314941406e-01 2.110826969146728516e-02
7.645344734191894531e-02 8.576026558876037598e-02
6.287086009979248047e-02 1.085571646690368652e-01
5.819892883300781250e-02 4.761934280395507812e-03
6.677174568176269531e-02 0.000000000000000000e+00
4.379796981811523438e-02 5.554822087287902832e-02
3.665369749069213867e-02 8.038654923439025879e-02
