0.000000000000000000e+00 2.090765237808227539e-01
4.556471109390258789e-02 2.514106035232543945e-01
1.014877557754516602e-01 2.653837203979492188e-01
1.025017499923706055e-01 1.941798925399780273e-01
8.491575717926025391e-02 1.272960603237152100e-01
1.850485801696777344e-01 1.677665114402770996e-01
1.924320459365844727e-01 1.378218829631805420e-01
1.388043761253356934e-01 1.602497696876525879e-01
1.140021681785583496e-01 1.746382117271423340e-01
1.559396982192993164e-01 9.955269098281860352e-02
1.576035618782043457e-01 7.184281945228576660e-02
9.686994552612304688e-02 1.150361299514770508e-01
8.315038681030273438e-02 1.357687115669250488e-01
1.206284761428833008e-01 5.045300722122192383e-02
1.078050136566162109e-01 2.846857905387878418e-02
6.088721752166748047e-02 8.264279365539550781e-02
5.684107542037963867e-02 1.103323698043823242e-01
8.025181293487548828e-02 1.449811458587646484e-02
7.179224491119384766e-02 0.000000000000000000e+00
4.047971963882446289e-02 4.616242647171020508e-02
3.814148902893066406e-02 7.255849242210388184e-02
