4.257088297000983790e-01 1.000000000000000000e+00
8.229207946735976886e-01 7.767908908801177681e-01
1.000000000000000000e+00 4.548454039529094550e-01
9.722162193354716431e-01 1.842040282459788680e-01
8.213232743925095170e-01 1.284129255904541411e-01
6.380874626160822904e-01 7.883578205880413525e-02
6.918243234092366079e-01 0.000000000000000000e+00
7.129801319823795280e-01 1.164392612510024572e-01
7.022488351291942266e-01 2.296906082814599293e-01
3.699478347505707476e-01 1.109885398259275596e-01
4.815042717327235877e-01 1.052111504959363369e-01
5.341335263155105872e-01 2.317690884283834518e-01
5.342880965601790599e-01 3.496479233859068891e-01
1.671378360283514164e-01 2.270353873233324493e-01
2.859414093391047240e-01 1.986149541211147118e-01
3.438434229919264395e-01 2.956159019028540835e-01
3.473325886482434566e-01 4.082966921375776326e-01
0.000000000000000000e+00 3.677134939123249957e-01
1.124087814741820540e-01 3.052056825243628646e-01
1.744085259180442049e-01 3.978274794213323973e-01
1.931992625380022088e-01 4.960934380869390092e-01
