0.000000000000000000e+00 1.687812805175781250e-01
1.945459842681884766e-02 2.380469441413879395e-01
6.112438440322875977e-02 2.808967828750610352e-01
7.596266269683837891e-02 2.450118660926818848e-01
6.855636835098266602e-02 1.895422339439392090e-01
1.796724200248718262e-01 1.956540942192077637e-01
1.016238927841186523e-01 1.863371133804321289e-01
6.221866607666015625e-02 2.103188037872314453e-01
7.430648803710937500e-02 2.150068283081054688e-01
1.735696792602539062e-01 1.130702197551727295e-01
8.492487668991088867e-02 1.155719459056854248e-01
3.960782289505004883e-02 1.542750000953674316e-01
5.407524108886718750e-02 1.564235091209411621e-01
1.473860144615173340e-01 4.886016249656677246e-02
6.289446353912353516e-02 5.553400516510009766e-02
2.481120824813842773e-02 9.603282809257507324e-02
3.891503810882568359e-02 1.004017591476440430e-01
1.145753264427185059e-01 0.000000000000000000e+00
4.592949151992797852e-02 8.541524410247802734e-03
1.537400484085083008e-02 4.543846845626831055e-02
2.522772550582885742e-02 5.625271797180175781e-02
