4.846544878003873902e-01 4.939990361693195609e-01
4.305600624898116013e-01 7.823787904256173098e-01
3.912427404375938278e-01 1.000000000000000000e+00
1.851401356657724762e-01 9.197820036913721964e-01
0.000000000000000000e+00 7.121170656820799971e-01
9.936577367690088147e-01 7.496828632726688646e-01
3.566742403551692031e-01 7.810717399710684905e-01
2.652991005467552621e-01 8.024892334979187858e-01
3.839456358212935960e-01 8.101056901615575345e-01
1.000000000000000000e+00 4.388164175804703526e-01
2.850953908564609063e-01 5.304755560450151730e-01
2.508238641837528538e-01 5.870322957800941932e-01
4.167515635451223832e-01 5.783698261378625860e-01
9.045577619398755820e-01 1.874006877644013580e-01
2.524069067879680106e-01 2.947690656721435598e-01
2.344438385357712207e-01 3.729675924354196037e-01
4.092293585894282715e-01 3.690644507945393116e-01
7.724134640587242417e-01 0.000000000000000000e+00
3.091955017856635179e-01 7.777591930319346925e-02
2.438469770339543596e-01 1.358643135066296415e-01
3.354631210100888494e-01 1.366611919869568093e-01
