0.000000000000000000e+00 1.866990327835083008e-01
2.889484167098999023e-02 2.516021132469177246e-01
6.969320774078369141e-02 2.959962487220764160e-01
7.778704166412353516e-02 2.458262443542480469e-01
6.666201353073120117e-02 1.737906932830810547e-01
2.063878178596496582e-01 2.027115821838378906e-01
1.557448506355285645e-01 2.226627469062805176e-01
1.043408513069152832e-01 2.333085536956787109e-01
9.667444229125976562e-02 2.244514822959899902e-01
1.906254291534423828e-01 1.164861917495727539e-01
1.296038627624511719e-01 1.391721069812774658e-01
7.596105337142944336e-02 1.703886091709136963e-01
7.420098781585693359e-02 1.698766052722930908e-01
1.536284089088439941e-01 4.959255456924438477e-02
9.283137321472167969e-02 7.273733615875244141e-02
4.610401391983032227e-02 1.166712343692779541e-01
4.567253589630126953e-02 1.246438920497894287e-01
1.092835664749145508e-01 0.000000000000000000e+00
5.965679883956909180e-02 2.366837859153747559e-02
2.400463819503784180e-02 6.569454073905944824e-02
2.364468574523925781e-02 8.231815695762634277e-02
