0.000000000000000000e+00 8.450745764115017433e-01
2.868382240518075887e-01 9.913131342000899293e-01
6.448651963841592893e-01 1.000000000000000000e+00
8.140557077785728346e-01 7.699935643720482448e-01
7.911285583691221035e-01 4.699255122878115420e-01
7.620517527520557222e-01 4.452531823342505413e-01
1.000000000000000000e+00 3.898453083976567424e-01
8.202606928607720782e-01 6.455467031450805582e-01
7.203335343121768375e-01 6.854047251109727235e-01
6.248040332773540095e-01 2.759074678908485789e-01
8.337903317237735923e-01 2.549513927763279453e-01
6.372056053090031646e-01 5.549901248097892648e-01
5.481555106941575772e-01 5.470670586519281731e-01
4.505309225422926001e-01 1.389884976701647179e-01
6.581735197488266520e-01 1.359017615683615343e-01
4.782484656734968809e-01 4.507973821876010145e-01
3.820651453037517964e-01 4.453537082226234345e-01
2.387683002105214225e-01 0.000000000000000000e+00
4.328886686711856946e-01 7.063446618782177888e-02
3.298781603840811871e-01 3.180295398279627817e-01
2.415658664316506776e-01 3.234507925776414772e-01
