2.899825572967529297e-03 2.502329945564270020e-01
0.000000000000000000e+00 1.452477574348449707e-01
2.997636795043945312e-02 6.847268342971801758e-02
7.890641689300537109e-02 4.603394865989685059e-02
1.145590543746948242e-01 5.509838461875915527e-02
3.097766637802124023e-02 8.884310722351074219e-03
1.212006211280822754e-01 0.000000000000000000e+00
1.308024525642395020e-01 5.027765035629272461e-02
1.116223335266113281e-01 7.925766706466674805e-02
6.260693073272705078e-02 3.564679622650146484e-02
1.517484188079833984e-01 4.183006286621093750e-02
1.516882777214050293e-01 9.124496579170227051e-02
1.263213753700256348e-01 1.116954684257507324e-01
9.453839063644409180e-02 7.873433828353881836e-02
1.780841350555419922e-01 9.124767780303955078e-02
1.678764224052429199e-01 1.390441060066223145e-01
1.388692855834960938e-01 1.524486541748046875e-01
1.239961385726928711e-01 1.334348917007446289e-01
1.886407732963562012e-01 1.530319154262542725e-01
1.737782359123229980e-01 1.935377717018127441e-01
1.473599672317504883e-01 2.048249244689941406e-01
