1.172784547055452514e-01 1.000000000000000000e+00
0.000000000000000000e+00 6.157647693640756481e-01
1.002585036937964913e-01 3.460297478567631035e-01
3.453002672224037006e-01 2.474247407202874727e-01
5.707521794504245571e-01 2.824373159673314593e-01
2.722871264918302892e-01 1.223961142659973217e-01
5.213855119865610233e-01 0.000000000000000000e+00
5.317226324085950750e-01 1.405815345655641035e-01
4.401219892826469526e-01 2.489531843527341970e-01
5.254512159421610429e-01 2.400930036028036951e-01
7.420866355194791764e-01 1.990221223607326895e-01
7.164917727770998557e-01 3.338672519684702245e-01
6.057923112482558325e-01 4.219669876568235001e-01
7.402517709122646838e-01 4.227929997893419278e-01
9.063534873780023648e-01 4.160246149780134628e-01
8.519935421000163212e-01 5.309917182622605480e-01
7.304674409163606219e-01 6.085785351861183745e-01
9.040151778208129763e-01 6.403053134981659955e-01
1.000000000000000000e+00 6.759579181435334538e-01
9.154179183414107301e-01 7.580223917501974773e-01
7.960769438257759845e-01 8.070166065043790082e-01
