4.781621694564819336e-02 3.261658549308776855e-01
1.663208007812500000e-03 2.227326035499572754e-01
0.000000000000000000e+00 1.306500434875488281e-01
3.330808877944946289e-02 6.702303886413574219e-02
6.987857818603515625e-02 5.428284406661987305e-02
9.019726514816284180e-02 6.627017259597778320e-02
1.020261049270629883e-01 0.000000000000000000e+00
8.383917808532714844e-02 2.327886223793029785e-02
7.133984565734863281e-02 5.861580371856689453e-02
1.384842991828918457e-01 1.073612570762634277e-01
1.323993206024169922e-01 6.418907642364501953e-02
1.091499328613281250e-01 8.348101377487182617e-02
9.649342298507690430e-02 1.128722131252288818e-01
1.664090752601623535e-01 1.611927747726440430e-01
1.522492766380310059e-01 1.252082586288452148e-01
1.305830478668212891e-01 1.365661323070526123e-01
1.165699958801269531e-01 1.646444797515869141e-01
1.808788180351257324e-01 2.112079858779907227e-01
1.646498441696166992e-01 1.748927831649780273e-01
1.450077891349792480e-01 1.845872700214385986e-01
1.333987116813659668e-01 2.086956501007080078e-01
