3.263003456068058195e-01 1.000000000000000000e+00
0.000000000000000000e+00 6.846773967836364827e-01
1.750830785590854616e-02 3.793563138403369672e-01
1.939276219593247252e-01 1.914413397231449210e-01
3.569387212548185695e-01 1.525604356250230553e-01
6.648896716735345214e-01 2.223202960906718872e-01
5.864867738933935426e-01 0.000000000000000000e+00
4.161112588063272666e-01 8.075591920543787050e-02
3.625378838229429967e-01 1.975517719768511427e-01
9.030905223979794894e-01 3.470420034272934107e-01
7.221676857636580849e-01 1.627519900310797352e-01
5.446683503921307956e-01 2.124067958114250754e-01
4.739026983915990976e-01 3.070292433111165842e-01
9.892419912269041493e-01 4.918383122806258556e-01
7.905506446896185535e-01 3.373847709349234170e-01
6.408267978200186121e-01 3.554962164919731049e-01
5.646228233417519560e-01 4.374805990257530364e-01
1.000000000000000000e+00 6.108065970945609768e-01
8.192160707164695133e-01 4.612331163816738022e-01
6.957184633789711414e-01 4.765790484744473199e-01
6.295709823208825995e-01 5.494031497004616682e-01
