3.802537728937728789e-01 1.000000000000000000e+00
8.082150915750915265e-01 7.869005548895838809e-01
1.000000000000000000e+00 4.814126950216450762e-01
9.731364102564102891e-01 2.077137582444071040e-01
8.199827106227106643e-01 1.660046589884517088e-01
5.960920146520146679e-01 1.108749695814045533e-01
7.253321611721611495e-01 0.000000000000000000e+00
7.734402930402930476e-01 1.142035956610685243e-01
7.627938461538461556e-01 2.168088921270293068e-01
3.358657875457875530e-01 1.360851063651708770e-01
5.207501831501831768e-01 7.190432857397834054e-02
5.899999999999999689e-01 1.781829777644513835e-01
5.783821245421245649e-01 2.884090870571308640e-01
1.464290109890109826e-01 2.386634105779083248e-01
3.222707692307692495e-01 1.700557986369539976e-01
3.926115750915750713e-01 2.533846506982728730e-01
3.888723809523809694e-01 3.638283719549233464e-01
0.000000000000000000e+00 3.660446661110586808e-01
1.514801465201465192e-01 2.878158852130368595e-01
2.218235897435897330e-01 3.589990602929517549e-01
2.338133333333333452e-01 4.520894828765539830e-01
