3.686321657926203699e-01 1.000000000000000000e+00
8.067507875018947727e-01 7.799903750279670867e-01
1.000000000000000000e+00 4.779181402474285134e-01
9.976372718365472680e-01 2.173624506136789536e-01
8.654805267000148516e-01 1.748602772163893038e-01
5.785539629017565355e-01 8.554014782172063291e-02
7.249395820893043130e-01 0.000000000000000000e+00
7.986694562580852752e-01 1.144268341436364272e-01
8.092609451565259127e-01 2.058644778555021870e-01
3.214203185129614893e-01 1.213162016200330373e-01
5.248228843793856235e-01 8.170336212841661228e-02
6.189846468648392275e-01 1.809398533409727061e-01
6.305565270476755080e-01 2.833876708243188713e-01
1.348766264335441445e-01 2.370836130040700485e-01
3.161819736744916898e-01 1.811820128882919989e-01
4.179471822723898056e-01 2.580696138077204216e-01
4.450406884630935256e-01 3.745680072234371383e-01
0.000000000000000000e+00 3.788523684452395068e-01
1.462254342273137386e-01 3.011300028309945587e-01
2.413708510241306671e-01 3.529081355577622370e-01
2.739770929574089076e-01 4.462116155112298976e-01
