1.000000000000000000e+00 1.000000000000000000e+00
4.751304960005928724e-01 8.987798558060228205e-01
1.989926218232850319e-01 7.629075090960353300e-01
0.000000000000000000e+00 6.443799256206114157e-01
1.190517213429856391e-01 6.072342682222788834e-01
5.562631132848865345e-01 5.238498717828229401e-01
3.960436669491957384e-01 3.423723534229287102e-01
2.700065305895593681e-01 2.284611253574641287e-01
1.903555697592018703e-01 1.322830713048614992e-01
7.288953114072262984e-01 5.101671522360806676e-01
6.351674563585247846e-01 2.617007907844743353e-01
5.201035631081900590e-01 1.155728152732838354e-01
4.368941257115331878e-01 0.000000000000000000e+00
8.563960408879749409e-01 5.307064699327362911e-01
7.396971844358913861e-01 2.744759206798866868e-01
5.541376611226129789e-01 1.407501040505887147e-01
4.292797361827083158e-01 4.554287555549588196e-02
9.000046316238009547e-01 5.841417504665493698e-01
5.905338872755399038e-01 4.004795725199038481e-01
3.567656444672938076e-01 4.400041620235489725e-01
2.357880939478571858e-01 5.257848099566343469e-01
