1.318761706352233887e-01 4.281231164932250977e-01
6.465613842010498047e-02 3.851536512374877930e-01
2.763748168945312500e-02 3.263135552406311035e-01
0.000000000000000000e+00 2.746738791465759277e-01
1.730859279632568359e-02 2.546001076698303223e-01
7.262516021728515625e-02 2.164645791053771973e-01
5.403685569763183594e-02 1.320464611053466797e-01
3.860676288604736328e-02 8.685332536697387695e-02
2.835845947265625000e-02 4.859519004821777344e-02
9.293276071548461914e-02 2.102497816085815430e-01
8.552658557891845703e-02 1.004072427749633789e-01
7.133549451828002930e-02 4.482281208038330078e-02
5.945068597793579102e-02 0.000000000000000000e+00
1.085829138755798340e-01 2.199292778968811035e-01
8.266079425811767578e-02 1.257331371307373047e-01
5.470979213714599609e-02 1.398292183876037598e-01
3.871244192123413086e-02 1.616419553756713867e-01
1.120975017547607422e-01 2.430496215820312500e-01
7.213228940963745117e-02 1.655586361885070801e-01
4.506981372833251953e-02 1.898642778396606445e-01
3.227633237838745117e-02 2.333104610443115234e-01
