5.869314475926771246e-01 1.000000000000000000e+00
9.082350683071520603e-01 8.443699622039088082e-01
1.000000000000000000e+00 6.674981826518079364e-01
8.795487302707227784e-01 5.473563225899943374e-01
7.472679805004274201e-01 4.774099462397521920e-01
7.586862136315732918e-01 5.218616297218388045e-01
8.194576303718461574e-01 2.766894805234912935e-01
8.253906756783174758e-01 1.223265382724026823e-01
8.230689256218909344e-01 8.356683684014225635e-03
4.540219201356368584e-01 5.333086961892702371e-01
3.602832165408696441e-01 2.838828534979795370e-01
2.982147903156150970e-01 1.183865749044407389e-01
2.391423884666035171e-01 0.000000000000000000e+00
2.301152166688289480e-01 5.840654197836762096e-01
1.058450733011184058e-01 3.628127798775606094e-01
4.857405376777878397e-02 2.348940355345023046e-01
0.000000000000000000e+00 1.360622162620592213e-01
1.137675299771272741e-01 6.534391235868038939e-01
6.114676396311218010e-02 4.920970594593567227e-01
3.927994469315541914e-02 4.076167972860933464e-01
2.538036784738723073e-02 3.428106655770496447e-01
