9.568818012892819080e-01 3.765958438507014533e-02
9.632376180434083501e-01 2.587408629534940774e-01
9.236086135587124879e-01 4.968946562843512549e-01
9.436506201195555832e-01 7.024237400943255105e-01
1.000000000000000000e+00 8.808555769819237380e-01
5.803946791235498059e-01 5.056759771490243471e-01
4.548414145046945078e-01 7.252880328249001751e-01
3.814668443107572804e-01 8.694008494569086531e-01
3.013054592862631220e-01 1.000000000000000000e+00
4.999352906878531955e-01 3.699002404893511065e-01
2.752420809424945269e-01 5.231403329331449914e-01
1.343331262635344692e-01 6.162357959439026533e-01
0.000000000000000000e+00 6.906233471242458899e-01
4.890212137559736827e-01 1.956870274421886047e-01
3.835596796957163601e-01 2.829168894626176156e-01
5.725433961081776157e-01 2.436641029330320896e-01
7.061040975298752409e-01 2.060370875283386305e-01
5.184757006315628969e-01 0.000000000000000000e+00
4.492815222899740335e-01 5.872679315397137667e-02
6.016266558772402906e-01 6.052358761359698247e-02
7.232108556342057293e-01 5.217977671865062228e-02
