2.696900963783264160e-01 0.000000000000000000e+00
2.877244353294372559e-01 8.985701203346252441e-02
2.962492108345031738e-01 1.910638511180877686e-01
3.189764022827148438e-01 2.728383839130401611e-01
3.492307066917419434e-01 3.356277644634246826e-01
1.757965683937072754e-01 2.285628616809844971e-01
1.543295383453369141e-01 3.288731276988983154e-01
1.436755061149597168e-01 3.965896070003509521e-01
1.289982199668884277e-01 4.605920612812042236e-01
1.389182209968566895e-01 1.820449531078338623e-01
7.750064134597778320e-02 2.683481276035308838e-01
3.932797908782958984e-02 3.257379829883575439e-01
0.000000000000000000e+00 3.753584325313568115e-01
1.225917339324951172e-01 1.130650341510772705e-01
9.760653972625732422e-02 1.628124415874481201e-01
1.643812060356140137e-01 1.320410370826721191e-01
2.096202969551086426e-01 1.032374799251556396e-01
1.197252869606018066e-01 3.267243504524230957e-02
1.071558594703674316e-01 6.780120730400085449e-02
1.623142361640930176e-01 5.642312765121459961e-02
2.037673592567443848e-01 4.052701592445373535e-02
