2.696449160575866699e-01 0.000000000000000000e+00
2.896974086761474609e-01 9.125572443008422852e-02
2.979483008384704590e-01 1.946181952953338623e-01
3.187205195426940918e-01 2.704879343509674072e-01
3.500025868415832520e-01 3.276371657848358154e-01
1.788146495819091797e-01 2.272562682628631592e-01
1.558942794799804688e-01 3.296965658664703369e-01
1.429209113121032715e-01 3.938073217868804932e-01
1.267814040184020996e-01 4.526393115520477295e-01
1.417928934097290039e-01 1.815585792064666748e-01
7.739734649658203125e-02 2.697171270847320557e-01
3.822797536849975586e-02 3.258453309535980225e-01
0.000000000000000000e+00 3.736441433429718018e-01
1.235457658767700195e-01 1.148655414581298828e-01
1.041021347045898438e-01 1.626496613025665283e-01
1.673976778984069824e-01 1.300446093082427979e-01
2.102549076080322266e-01 1.007274091243743896e-01
1.177686452865600586e-01 3.673931956291198730e-02
1.047087311744689941e-01 7.480821013450622559e-02
1.573215126991271973e-01 6.296440958976745605e-02
1.977257728576660156e-01 4.739671945571899414e-02
