9.817067201951714672e-01 9.488050304778480491e-04
9.963045086295206909e-01 2.293629557879388603e-01
9.560375714147381077e-01 4.828092729326874943e-01
9.648058399589327649e-01 6.946979867877508541e-01
1.000000000000000000e+00 8.665840081072702095e-01
6.110934686214506417e-01 4.927081916115538252e-01
4.965110927129331997e-01 7.237234629087541116e-01
4.275933771480219248e-01 8.693886375570487601e-01
3.461626940603078073e-01 1.000000000000000000e+00
5.179207957854387034e-01 3.621199324926575591e-01
2.913473517607624297e-01 5.317461064481376898e-01
1.451171026841520106e-01 6.369135784510447928e-01
0.000000000000000000e+00 7.190779834163769646e-01
4.919256466011514006e-01 1.899908984312272398e-01
3.980826958458409948e-01 2.848395274486029694e-01
5.997860874978053758e-01 2.404904151153925418e-01
7.353822209748483996e-01 1.907674268230733217e-01
5.052218938004916504e-01 0.000000000000000000e+00
4.567532785008269758e-01 6.703614871581171919e-02
6.237254131110508970e-01 6.309845809556162421e-02
7.473249074677290604e-01 4.251660515763169834e-02
