4.133707284927368164e-01 4.846560955047607422e-02
3.888188600540161133e-01 1.480204164981842041e-01
3.425630331039428711e-01 2.584426403045654297e-01
3.224348425865173340e-01 3.549003601074218750e-01
3.169117569923400879e-01 4.321019053459167480e-01
2.285559773445129395e-01 2.137690782546997070e-01
1.627876758575439453e-01 2.905371785163879395e-01
1.228240132331848145e-01 3.391896486282348633e-01
8.117860555648803711e-02 3.799780011177062988e-01
2.097040414810180664e-01 1.473006606101989746e-01
1.147212982177734375e-01 1.848008036613464355e-01
5.576640367507934570e-02 2.080462574958801270e-01
0.000000000000000000e+00 2.209258675575256348e-01
2.174396514892578125e-01 7.370021939277648926e-02
1.718433499336242676e-01 1.061720550060272217e-01
2.462694644927978516e-01 1.185083985328674316e-01
2.988706231117248535e-01 1.165088415145874023e-01
2.406659126281738281e-01 0.000000000000000000e+00
2.147364020347595215e-01 2.810537815093994141e-02
2.725163102149963379e-01 4.753911495208740234e-02
3.162403702735900879e-01 5.182623863220214844e-02
