1.000000000000000000e+00 2.316013214554451805e-01
9.122064202772218744e-01 4.596204318581052495e-01
7.638291226802091938e-01 6.657772299525920312e-01
6.568921794366232580e-01 8.470713683565732621e-01
5.784575593638016100e-01 1.000000000000000000e+00
4.948308662696260796e-01 4.803154756502899247e-01
3.001328716922440076e-01 5.828459646469910105e-01
1.814634129151664332e-01 6.403197917178025111e-01
7.097484396707828824e-02 6.839274881216141910e-01
4.888049822106984577e-01 3.127286010782253101e-01
2.519365064821963429e-01 2.990387653825000158e-01
1.191840172302876394e-01 3.002801902708089332e-01
0.000000000000000000e+00 2.863988533813952020e-01
5.430283157593064347e-01 1.518338530644252893e-01
4.017527786868032025e-01 1.879759191762199189e-01
5.594390235357125096e-01 2.543283748318549420e-01
6.700585870169305513e-01 2.737957418272282673e-01
6.340817821979038982e-01 0.000000000000000000e+00
5.370472937701832317e-01 5.282148679499283628e-02
6.590730723829165694e-01 1.303080912587203932e-01
7.549597152844326198e-01 1.623272574869641383e-01
