4.146167933940887451e-01 2.371578216552734375e-01
3.425798714160919189e-01 2.993244528770446777e-01
2.381542623043060303e-01 3.305373191833496094e-01
1.660692989826202393e-01 3.592793345451354980e-01
1.236739456653594971e-01 4.034920930862426758e-01
1.754058301448822021e-01 1.959081292152404785e-01
9.464672207832336426e-02 1.837199926376342773e-01
4.458865523338317871e-02 1.756728291511535645e-01
0.000000000000000000e+00 1.654200851917266846e-01
1.937202513217926025e-01 1.372640728950500488e-01
1.059845983982086182e-01 6.889253854751586914e-02
5.255913734436035156e-02 3.425836563110351562e-02
8.504897356033325195e-03 0.000000000000000000e+00
2.322699725627899170e-01 9.255245327949523926e-02
1.670447885990142822e-01 6.805798411369323730e-02
2.098833620548248291e-01 1.277663111686706543e-01
2.467053234577178955e-01 1.636824905872344971e-01
2.838771045207977295e-01 5.569124221801757812e-02
2.244577109813690186e-01 4.620158672332763672e-02
2.562520205974578857e-01 1.005258560180664062e-01
2.916063964366912842e-01 1.379591226577758789e-01
