4.016396403312683105e-01 3.936711549758911133e-01
3.113939166069030762e-01 4.329121708869934082e-01
2.024129629135131836e-01 4.270942211151123047e-01
1.255242824554443359e-01 4.280936717987060547e-01
7.160294055938720703e-02 4.520117640495300293e-01
1.690044999122619629e-01 2.687731981277465820e-01
8.929198980331420898e-02 2.274530827999114990e-01
4.250207543373107910e-02 1.990535557270050049e-01
0.000000000000000000e+00 1.694946289062500000e-01
1.979209780693054199e-01 2.144789695739746094e-01
1.236187219619750977e-01 1.117498278617858887e-01
7.601052522659301758e-02 5.334776639938354492e-02
3.882282972335815430e-02 0.000000000000000000e+00
2.446901202201843262e-01 1.840477585792541504e-01
1.772093772888183594e-01 1.325490474700927734e-01
2.059879302978515625e-01 2.121631503105163574e-01
2.351170182228088379e-01 2.651836276054382324e-01
3.042423129081726074e-01 1.654581427574157715e-01
2.432280182838439941e-01 1.307819485664367676e-01
2.582210302352905273e-01 1.996510624885559082e-01
2.828235030174255371e-01 2.558493614196777344e-01
