3.371408283710479736e-01 5.616011023521423340e-01
2.327927052974700928e-01 5.425907969474792480e-01
1.358012259006500244e-01 4.777972102165222168e-01
5.995479226112365723e-02 4.316691160202026367e-01
0.000000000000000000e+00 4.142696261405944824e-01
1.484221518039703369e-01 3.143682479858398438e-01
8.835014700889587402e-02 2.332172393798828125e-01
5.563858151435852051e-02 1.818645000457763672e-01
2.833822369575500488e-02 1.288694441318511963e-01
1.898281276226043701e-01 2.794963419437408447e-01
1.538632214069366455e-01 1.480767726898193359e-01
1.272322833538055420e-01 7.020950317382812500e-02
1.093093454837799072e-01 0.000000000000000000e+00
2.414897382259368896e-01 2.740844786167144775e-01
1.928953826427459717e-01 1.857754290103912354e-01
1.882306635379791260e-01 2.743512392044067383e-01
1.967590153217315674e-01 3.423392176628112793e-01
3.011887371540069580e-01 2.836888432502746582e-01
2.492263615131378174e-01 2.109992504119873047e-01
2.348593175411224365e-01 2.769025564193725586e-01
2.383665740489959717e-01 3.446344137191772461e-01
