9.576374330522973155e-01 1.000000000000000000e+00
6.439296241798001530e-01 9.332280021402450387e-01
3.716935685127649713e-01 7.915747782773859820e-01
1.735653899295462876e-01 6.869961494404648317e-01
0.000000000000000000e+00 6.390374173368187360e-01
5.017903553107672110e-01 5.333328031536124225e-01
3.567123985582014711e-01 3.755661567792513145e-01
2.755480259671054810e-01 2.783320849863868407e-01
2.135353815527512578e-01 1.826863702140894830e-01
6.536414889019455110e-01 4.950431913819157148e-01
6.083482905257431295e-01 2.599364812366325439e-01
5.590999481893212941e-01 1.189940053160861988e-01
5.347709885519692508e-01 0.000000000000000000e+00
8.195075933047789585e-01 5.062666758090340613e-01
7.197111338865815888e-01 3.536464904510914775e-01
6.531400704863087325e-01 4.928708446315763214e-01
6.385680533552161586e-01 6.059161849870754457e-01
1.000000000000000000e+00 5.430913428214166894e-01
8.845425592787247160e-01 4.058153991152528839e-01
8.085623236811247949e-01 5.034626716460887108e-01
7.786945512084586518e-01 6.092354656482819042e-01
