1.280317902565002441e-01 3.567904233932495117e-01
1.305067539215087891e-01 3.082096576690673828e-01
1.145685911178588867e-01 2.478241324424743652e-01
8.716833591461181641e-02 2.097733616828918457e-01
6.104880571365356445e-02 1.879876255989074707e-01
1.226173639297485352e-01 1.884556412696838379e-01
1.079936623573303223e-01 1.168420314788818359e-01
1.025069355964660645e-01 7.511979341506958008e-02
9.824723005294799805e-02 4.121148586273193359e-02
1.025519371032714844e-01 1.875864267349243164e-01
7.645839452743530273e-02 9.517639875411987305e-02
6.156367063522338867e-02 4.113656282424926758e-02
4.918015003204345703e-02 0.000000000000000000e+00
7.999342679977416992e-02 2.020195126533508301e-01
4.102945327758789062e-02 1.212996840476989746e-01
1.645004749298095703e-02 8.047640323638916016e-02
0.000000000000000000e+00 4.835981130599975586e-02
5.697220563888549805e-02 2.313550710678100586e-01
3.027170896530151367e-02 1.769642233848571777e-01
2.386564016342163086e-02 1.880056858062744141e-01
2.442610263824462891e-02 2.090510725975036621e-01
