8.783668845126035851e-01 1.000000000000000000e+00
5.026269164171591752e-01 8.832087467205564923e-01
2.814539337825445742e-01 7.160676179223172122e-01
1.353988334809568539e-01 6.030702325484494919e-01
0.000000000000000000e+00 5.126468774042431953e-01
5.764210753304490620e-01 4.885409210567435156e-01
3.842077198298460838e-01 3.121809843613511659e-01
2.872848530454716887e-01 2.078913308104745894e-01
2.248922013165726985e-01 1.163966690674996113e-01
7.709215478094877394e-01 4.884859536391220614e-01
6.827164290584525341e-01 2.518991196284462997e-01
6.107702874789842085e-01 1.157664039143497942e-01
5.660675973232798253e-01 0.000000000000000000e+00
9.240829674867941934e-01 5.320131728346744193e-01
5.208780428669631535e-01 4.169582761027338380e-01
3.872951042903554630e-01 5.426476475061348115e-01
3.966555802386165785e-01 6.340074949143512661e-01
1.000000000000000000e+00 6.133454193446619129e-01
6.157601577406814908e-01 5.198567238451820005e-01
4.540812663946595107e-01 6.109807973047177709e-01
4.283207539106264616e-01 6.942977303199903139e-01
