1.000000000000000000e+00 1.000000000000000000e+00
9.657356753822976536e-01 8.080825760711566330e-01
8.342785488072023137e-01 6.262034480385050284e-01
5.810997287459116478e-01 5.188796532232139436e-01
3.494889387338241393e-01 4.747620871163559797e-01
8.784048776915587275e-01 4.805285148369865533e-01
6.285621122439231101e-01 2.726126298952731841e-01
5.137403561049950218e-01 1.504406198291126096e-01
4.232690864062253477e-01 5.054037242299912885e-02
7.944230930921971634e-01 4.994689880599403886e-01
4.422701324266015144e-01 2.554453141977749420e-01
2.604946341354630879e-01 1.073814727325454049e-01
1.357762173359720326e-01 0.000000000000000000e+00
6.546809788532711449e-01 5.550443893440631937e-01
1.020811616582150277e-01 4.024141033809440771e-01
4.486782503403106970e-02 5.122136643370276410e-01
1.168065127500873129e-01 5.935147807213705384e-01
4.891526993865215611e-01 6.347563427075699760e-01
3.240312558482665029e-02 5.285300846116535167e-01
0.000000000000000000e+00 6.136355078119234419e-01
7.345769252907595470e-02 6.829896958693112419e-01
