1.837638318538665771e-01 6.016949713230133057e-01
2.094919383525848389e-01 4.695538580417633057e-01
1.961909830570220947e-01 3.608550131320953369e-01
1.548509895801544189e-01 2.995769679546356201e-01
1.159416139125823975e-01 2.768240869045257568e-01
1.907691061496734619e-01 2.831405699253082275e-01
1.600303351879119873e-01 1.575591862201690674e-01
1.492190659046173096e-01 8.218279480934143066e-02
1.420406997203826904e-01 2.461153268814086914e-02
1.505641043186187744e-01 2.967774569988250732e-01
9.163454174995422363e-02 1.545089185237884521e-01
5.768808722496032715e-02 6.374436616897583008e-02
3.296229243278503418e-02 0.000000000000000000e+00
1.036185324192047119e-01 3.333880603313446045e-01
2.891847491264343262e-02 2.465237081050872803e-01
3.791591525077819824e-02 2.940778434276580811e-01
5.697259306907653809e-02 3.314285576343536377e-01
5.962726473808288574e-02 3.856944143772125244e-01
0.000000000000000000e+00 3.084928691387176514e-01
1.248326897621154785e-02 3.444730341434478760e-01
3.285470604896545410e-02 3.785611689090728760e-01
