1.644601225852966309e-01 5.851218700408935547e-01
1.958845257759094238e-01 4.760512113571166992e-01
2.055487632751464844e-01 3.744444847106933594e-01
2.080803513526916504e-01 2.963567376136779785e-01
2.356386780738830566e-01 2.484128475189208984e-01
1.845071911811828613e-01 2.787770032882690430e-01
1.652061939239501953e-01 1.641343832015991211e-01
1.578770875930786133e-01 8.651363849639892578e-02
1.560153365135192871e-01 2.939420938491821289e-02
1.406537294387817383e-01 2.899871468544006348e-01
8.883368968963623047e-02 1.574240922927856445e-01
5.755126476287841797e-02 6.362503767013549805e-02
3.610676527023315430e-02 0.000000000000000000e+00
8.975350856781005859e-02 3.221704959869384766e-01
3.051048517227172852e-02 2.415705919265747070e-01
3.992807865142822266e-02 2.878444194793701172e-01
5.524218082427978516e-02 3.236111402511596680e-01
4.393225908279418945e-02 3.734417557716369629e-01
0.000000000000000000e+00 3.045279383659362793e-01
1.126214861869812012e-02 3.431594371795654297e-01
2.650824189186096191e-02 3.781862258911132812e-01
