1.269629895687103271e-01 5.483953058719635010e-01
1.846370995044708252e-01 4.579748809337615967e-01
2.126333415508270264e-01 3.527964055538177490e-01
2.434820234775543213e-01 2.754860818386077881e-01
2.814311087131500244e-01 2.354933917522430420e-01
1.571053564548492432e-01 2.704018056392669678e-01
1.623899638652801514e-01 1.409586966037750244e-01
1.618701517581939697e-01 6.502273678779602051e-02
1.603296697139739990e-01 8.078008890151977539e-03
9.885153174400329590e-02 2.752163708209991455e-01
6.671366095542907715e-02 1.409852206707000732e-01
4.408350586891174316e-02 5.746236443519592285e-02
2.345553040504455566e-02 0.000000000000000000e+00
4.736980795860290527e-02 3.014935553073883057e-01
2.698466181755065918e-02 2.250775992870330811e-01
4.798385500907897949e-02 2.564301788806915283e-01
6.267997622489929199e-02 2.967945039272308350e-01
5.406975746154785156e-03 3.414864838123321533e-01
0.000000000000000000e+00 2.838238179683685303e-01
1.756635308265686035e-02 3.093723356723785400e-01
3.163745999336242676e-02 3.454881608486175537e-01
