4.217968317949543078e-01 1.000000000000000000e+00
6.432427335166530646e-01 8.362910952272433196e-01
7.570947008835196002e-01 6.474473901637409767e-01
8.643352784983274750e-01 5.028089426564958941e-01
1.000000000000000000e+00 4.293415367688491746e-01
5.564970596887650611e-01 5.020015342178180129e-01
5.787813109194469563e-01 2.622535791462858312e-01
5.784811705559322892e-01 1.211248443982808481e-01
5.742555773955564380e-01 1.654074835953920838e-02
3.380561803158158019e-01 5.050201271338369269e-01
2.359471514550847415e-01 2.562210831106634390e-01
1.630038899042573486e-01 1.040753621927044958e-01
9.148065414421467645e-02 0.000000000000000000e+00
1.492589513138271873e-01 5.438434615758163115e-01
9.694129297062753503e-02 4.104017394127709717e-01
1.718224820884319826e-01 4.636941864465646823e-01
2.188423437173384611e-01 5.364764457974324774e-01
0.000000000000000000e+00 6.077996331379488248e-01
6.141169849218847186e-05 5.163648537277037986e-01
6.006383410795090860e-02 5.592435532886025351e-01
1.049233237160697718e-01 6.228226870319439890e-01
