1.174272894859313965e-01 5.395521223545074463e-01
1.819372177124023438e-01 4.530759155750274658e-01
2.127745747566223145e-01 3.506712615489959717e-01
2.481340765953063965e-01 2.761117517948150635e-01
2.883651852607727051e-01 2.387715876102447510e-01
1.562343239784240723e-01 2.606884539127349854e-01
1.652082800865173340e-01 1.355155706405639648e-01
1.656288504600524902e-01 6.111338734626770020e-02
1.653662323951721191e-01 6.206035614013671875e-03
9.412652254104614258e-02 2.632847726345062256e-01
6.812334060668945312e-02 1.357417404651641846e-01
4.827195405960083008e-02 5.478358268737792969e-02
3.016525506973266602e-02 0.000000000000000000e+00
4.117631912231445312e-02 2.873596847057342529e-01
2.989327907562255859e-02 2.192750871181488037e-01
5.088061094284057617e-02 2.470673024654388428e-01
6.476074457168579102e-02 2.882148325443267822e-01
0.000000000000000000e+00 3.238073885440826416e-01
4.603445529937744141e-03 2.827890217304229736e-01
2.299469709396362305e-02 3.046659529209136963e-01
3.640741109848022461e-02 3.390473425388336182e-01
