1.148259639739990234e-01 3.732383847236633301e-01
5.387097597122192383e-02 3.487481474876403809e-01
1.680785417556762695e-02 2.991943359375000000e-01
0.000000000000000000e+00 2.364498972892761230e-01
3.418791294097900391e-02 2.132171392440795898e-01
5.349618196487426758e-02 2.156626582145690918e-01
3.043544292449951172e-02 1.534327864646911621e-01
1.374334096908569336e-02 1.138761639595031738e-01
4.517138004302978516e-03 8.232969045639038086e-02
7.523882389068603516e-02 2.006378173828125000e-01
6.271135807037353516e-02 1.057848930358886719e-01
4.646110534667968750e-02 5.272012948989868164e-02
3.362137079238891602e-02 8.899152278900146484e-03
9.393239021301269531e-02 1.971048116683959961e-01
8.266067504882812500e-02 9.481889009475708008e-02
6.205427646636962891e-02 3.829604387283325195e-02
4.875105619430541992e-02 0.000000000000000000e+00
1.058132648468017578e-01 2.058010697364807129e-01
7.223719358444213867e-02 1.309129595756530762e-01
4.979872703552246094e-02 1.478321552276611328e-01
4.207152128219604492e-02 1.867409348487854004e-01
