1.242151260375976562e-01 3.839303553104400635e-01
6.057912111282348633e-02 3.574540913105010986e-01
2.236711978912353516e-02 3.004050552845001221e-01
7.144272327423095703e-03 2.289125621318817139e-01
4.762572050094604492e-02 2.177263200283050537e-01
4.736071825027465820e-02 2.190996706485748291e-01
2.255177497863769531e-02 1.543099582195281982e-01
8.043348789215087891e-03 1.116960346698760986e-01
0.000000000000000000e+00 8.294180035591125488e-02
7.741761207580566406e-02 1.995306313037872314e-01
8.274728059768676758e-02 1.045935451984405518e-01
7.171249389648437500e-02 4.462632536888122559e-02
6.504386663436889648e-02 0.000000000000000000e+00
1.001583337783813477e-01 1.978522837162017822e-01
8.308666944503784180e-02 1.173049509525299072e-01
6.061869859695434570e-02 1.576527655124664307e-01
5.451238155364990234e-02 2.000897824764251709e-01
1.202490329742431641e-01 2.006187140941619873e-01
9.499460458755493164e-02 1.377523839473724365e-01
6.949001550674438477e-02 1.482974588871002197e-01
5.758875608444213867e-02 1.757234632968902588e-01
