9.254668090950709525e-01 1.000000000000000000e+00
5.435535886871153410e-01 9.302189092189325770e-01
3.020853553080014020e-01 7.557708371526029589e-01
3.876201230988351454e-01 5.864381748469957856e-01
6.387340149549824986e-01 5.446036251789319049e-01
3.508341217762856457e-01 5.063538034804739851e-01
1.641003102904522171e-01 3.487848147677199973e-01
6.652138969428759985e-02 2.370729733342508694e-01
0.000000000000000000e+00 1.431944669538369463e-01
5.803151737117859810e-01 4.554766716104145519e-01
5.535593875578614931e-01 2.361612362633334350e-01
5.313560201434457397e-01 1.097477121427597735e-01
5.215630500025433269e-01 1.287324333317480841e-02
7.945844651304745376e-01 4.554596036938385328e-01
7.769746172236634552e-01 2.259932577074638127e-01
6.692104379673432524e-01 9.548560588892773815e-02
6.014881733557149168e-01 0.000000000000000000e+00
1.000000000000000000e+00 4.971296807112604021e-01
8.876280583956457360e-01 3.352906095969326317e-01
7.802785492649676469e-01 3.902711789376323570e-01
7.469767536497278204e-01 4.917664758344291176e-01
