1.789738535881042480e-01 3.785375952720642090e-01
1.292607784271240234e-01 3.562101721763610840e-01
9.417861700057983398e-02 2.959191799163818359e-01
1.120280623435974121e-01 2.386363744735717773e-01
1.404258608818054199e-01 2.137911915779113770e-01
7.258677482604980469e-02 2.020990848541259766e-01
3.580385446548461914e-02 1.439237594604492188e-01
1.643246412277221680e-02 1.044731140136718750e-01
0.000000000000000000e+00 7.125127315521240234e-02
1.060485839843750000e-01 1.759289503097534180e-01
8.762085437774658203e-02 9.056740999221801758e-02
8.029705286026000977e-02 4.330188035964965820e-02
7.416623830795288086e-02 6.666809320449829102e-03
1.400140523910522461e-01 1.731442213058471680e-01
1.276749372482299805e-01 8.831483125686645508e-02
1.158872842788696289e-01 4.150974750518798828e-02
1.045206189155578613e-01 0.000000000000000000e+00
1.772598624229431152e-01 1.889956593513488770e-01
1.651543378829956055e-01 1.308803558349609375e-01
1.617844700813293457e-01 1.562312245368957520e-01
1.628800034523010254e-01 1.916056275367736816e-01
