2.239567041397094727e-01 3.522175550460815430e-01
1.762029528617858887e-01 3.439124226570129395e-01
1.359139680862426758e-01 2.974454164505004883e-01
1.452688574790954590e-01 2.388935685157775879e-01
1.665170192718505859e-01 2.004808187484741211e-01
9.284824132919311523e-02 2.077716588973999023e-01
4.660791158676147461e-02 1.614019274711608887e-01
2.141273021697998047e-02 1.278678178787231445e-01
0.000000000000000000e+00 9.912836551666259766e-02
1.208836436271667480e-01 1.724343895912170410e-01
8.668512105941772461e-02 9.363996982574462891e-02
6.913632154464721680e-02 4.811239242553710938e-02
5.312138795852661133e-02 1.291960477828979492e-02
1.532391905784606934e-01 1.611569523811340332e-01
1.274175047874450684e-01 8.120453357696533203e-02
1.097947955131530762e-01 3.821420669555664062e-02
9.142565727233886719e-02 0.000000000000000000e+00
1.927294731140136719e-01 1.687850356101989746e-01
1.722096800804138184e-01 1.149546504020690918e-01
1.753814220428466797e-01 1.430531144142150879e-01
1.827285885810852051e-01 1.804477572441101074e-01
