2.643874287605285645e-01 2.463186383247375488e-01
2.310183048248291016e-01 2.644694447517395020e-01
1.940202116966247559e-01 2.533516883850097656e-01
1.969055533409118652e-01 1.957104802131652832e-01
2.102259397506713867e-01 1.353909373283386230e-01
1.213585734367370605e-01 1.892831325531005859e-01
6.660628318786621094e-02 1.782589554786682129e-01
3.190809488296508789e-02 1.642743349075317383e-01
0.000000000000000000e+00 1.502024531364440918e-01
1.323860883712768555e-01 1.396818757057189941e-01
7.489258050918579102e-02 9.048235416412353516e-02
4.265803098678588867e-02 5.555164813995361328e-02
1.208114624023437500e-02 2.722239494323730469e-02
1.572057008743286133e-01 1.118063330650329590e-01
1.159124374389648438e-01 6.340658664703369141e-02
8.857166767120361328e-02 2.983838319778442383e-02
6.001490354537963867e-02 0.000000000000000000e+00
1.945289969444274902e-01 9.660655260086059570e-02
1.696197390556335449e-01 6.622254848480224609e-02
1.856036186218261719e-01 9.033650159835815430e-02
2.048184871673583984e-01 1.178498268127441406e-01
