2.648378014564514160e-01 1.522462964057922363e-01
2.434532642364501953e-01 1.793974041938781738e-01
2.137799859046936035e-01 1.837578415870666504e-01
2.067176103591918945e-01 1.289884448051452637e-01
2.069055438041687012e-01 7.036781311035156250e-02
1.361237168312072754e-01 1.475994586944580078e-01
8.686077594757080078e-02 1.588860750198364258e-01
5.434906482696533203e-02 1.647482514381408691e-01
2.382963895797729492e-02 1.692647933959960938e-01
1.356781721115112305e-01 9.782892465591430664e-02
7.325041294097900391e-02 7.499176263809204102e-02
3.616845607757568359e-02 5.724793672561645508e-02
0.000000000000000000e+00 4.454261064529418945e-02
1.524490714073181152e-01 6.227916479110717773e-02
1.054240465164184570e-01 3.214871883392333984e-02
7.572281360626220703e-02 1.428854465484619141e-02
4.394036531448364258e-02 0.000000000000000000e+00
1.832697987556457520e-01 3.364306688308715820e-02
1.548686623573303223e-01 1.456844806671142578e-02
1.725868582725524902e-01 3.101801872253417969e-02
1.928311586380004883e-01 4.812639951705932617e-02
