2.544560432434082031e-01 1.004280447959899902e-01
2.413498759269714355e-01 1.317026019096374512e-01
2.168193459510803223e-01 1.493400335311889648e-01
2.055377364158630371e-01 1.041201353073120117e-01
1.994924545288085938e-01 4.709208011627197266e-02
1.380684375762939453e-01 1.389624476432800293e-01
9.732127189636230469e-02 1.662808060646057129e-01
7.290667295455932617e-02 1.823297739028930664e-01
4.781162738800048828e-02 1.966740489006042480e-01
1.297250986099243164e-01 9.091204404830932617e-02
6.984984874725341797e-02 8.521902561187744141e-02
3.444766998291015625e-02 7.750958204269409180e-02
0.000000000000000000e+00 7.461327314376831055e-02
1.409744024276733398e-01 5.123335123062133789e-02
9.468561410903930664e-02 3.185606002807617188e-02
6.655424833297729492e-02 2.403903007507324219e-02
3.657031059265136719e-02 2.089542150497436523e-02
1.665735840797424316e-01 1.426869630813598633e-02
1.400868892669677734e-01 0.000000000000000000e+00
1.630117893218994141e-01 9.114682674407958984e-03
1.881303787231445312e-01 1.852101087570190430e-02
