1.000000000000000000e+00 1.000000000000000000e+00
5.242875523786508785e-01 8.929841732440612079e-01
3.116957760251100051e-01 7.420509441648235338e-01
1.409644669577135856e-01 6.551315980129752692e-01
0.000000000000000000e+00 5.798752231575321492e-01
7.726344350383433923e-01 5.066496160186783060e-01
5.433458703090142672e-01 3.037085842858822105e-01
4.197957011018293993e-01 1.856311154732580015e-01
3.272817777810952400e-01 8.443488174359507770e-02
8.050487841061876315e-01 5.078053874944296053e-01
5.952995205096649478e-01 2.532849608910444639e-01
5.009708303048341360e-01 1.161403384066073824e-01
4.619379471021111683e-01 0.000000000000000000e+00
7.353458740411825678e-01 5.469939005886164107e-01
2.729040842051834170e-01 3.347793576890585321e-01
7.866198030721344159e-02 3.664883684689684840e-01
3.641243446545551488e-02 3.936579517897712543e-01
5.485275196102122885e-01 6.199018243555429741e-01
1.343291380650386280e-01 4.563264647746006486e-01
1.614722657901047215e-02 5.320487023372419966e-01
2.689587156862104783e-02 6.222226626897009449e-01
