1.000000000000000000e+00 3.649832350795174651e-01
9.611852271865130026e-01 5.316315638910241725e-01
8.684321255585326638e-01 6.350422318743900174e-01
8.085124065119213554e-01 4.583134398511345409e-01
7.679339384186588680e-01 2.365410239248433022e-01
5.454350564821728309e-01 6.157254237095363125e-01
3.957350868296111157e-01 7.777115691921065999e-01
3.238867781003302304e-01 8.999428106170989095e-01
2.612575020065247000e-01 1.000000000000000000e+00
5.045124344635092406e-01 3.983540930216343257e-01
2.766016758973458001e-01 4.339237628190879548e-01
1.305244316843227614e-01 4.653475114211870767e-01
0.000000000000000000e+00 5.041564294044911243e-01
5.591216013863987699e-01 2.111069545306081818e-01
4.552994214021315322e-01 1.120466851297961669e-01
5.856189579648050092e-01 1.215928368134461535e-01
6.914816038621107719e-01 1.555622917983798537e-01
6.656156536878127250e-01 5.278780315874294360e-02
6.483423210998550124e-01 0.000000000000000000e+00
7.671468017393874295e-01 5.383540979666739251e-02
8.790410009862917873e-01 1.110895727164363522e-01
