9.983251670238277864e-01 1.565632427758634204e-01
1.000000000000000000e+00 3.340019646222069927e-01
9.143267402483447048e-01 4.819674770201223257e-01
8.430761055236668522e-01 3.540339969025733668e-01
7.705250400526368892e-01 1.847419814409783367e-01
5.828502774409791698e-01 5.371618232131879500e-01
4.472442052984479388e-01 7.406299651402689088e-01
3.853467999111516717e-01 8.802467452393938352e-01
3.282704139796436271e-01 1.000000000000000000e+00
4.960527607832305730e-01 3.551298620751299207e-01
2.682484329455058214e-01 4.716552626154466576e-01
1.381741143654407200e-01 5.681764493421160855e-01
0.000000000000000000e+00 6.542761999792046090e-01
5.020468722185669197e-01 1.771058123265906170e-01
3.373014893647187096e-01 2.050686158443041363e-01
2.554153107932338740e-01 3.075835420478404414e-01
1.500507517188107987e-01 3.917711151283206350e-01
5.714149936278105635e-01 0.000000000000000000e+00
6.127460066825284324e-01 3.307798109073927656e-02
7.387092522510080306e-01 6.589738725312251078e-02
8.301516145242859857e-01 6.017750005928525908e-02
