1.969872713088989258e-01 2.704060077667236328e-02
1.866495013236999512e-01 0.000000000000000000e+00
1.648738384246826172e-01 4.389286041259765625e-04
1.366538405418395996e-01 8.163928985595703125e-03
1.037213206291198730e-01 2.628374099731445312e-02
1.072090864181518555e-01 8.219218254089355469e-02
8.395606279373168945e-02 9.951847791671752930e-02
1.004849076271057129e-01 8.181303739547729492e-02
1.162337064743041992e-01 7.820367813110351562e-02
8.747971057891845703e-02 1.014417409896850586e-01
4.560011625289916992e-02 1.526057124137878418e-01
2.390432357788085938e-02 1.837313771247863770e-01
2.153813838958740234e-03 2.174783945083618164e-01
8.478707075119018555e-02 1.046465635299682617e-01
4.540991783142089844e-02 1.350192427635192871e-01
2.283787727355957031e-02 1.595088839530944824e-01
0.000000000000000000e+00 1.883592009544372559e-01
9.268420934677124023e-02 9.289020299911499023e-02
7.726991176605224609e-02 1.013070940971374512e-01
9.381282329559326172e-02 9.247636795043945312e-02
1.087021827697753906e-01 8.041542768478393555e-02
