9.156350960720965881e-01 0.000000000000000000e+00
6.983603978915150501e-01 2.572138610906121378e-02
5.069380207447713449e-01 1.650492933812122420e-01
4.842807345689508769e-01 2.792187374867443617e-01
4.346310151334806804e-01 3.707700380949411900e-01
4.482634755993878395e-01 4.523571368040704144e-01
3.999438870940316137e-01 6.597148729007068502e-01
3.900233803774867947e-01 7.893057540506892567e-01
3.726071246386669089e-01 9.128587402028206510e-01
4.877656861078047967e-01 4.903974339886852940e-01
2.922160346879782433e-01 7.075787308291324740e-01
1.450658901547355883e-01 8.565481715664432505e-01
0.000000000000000000e+00 1.000000000000000000e+00
5.832371195374935757e-01 4.765744687750657071e-01
3.413207787791192049e-01 6.565688108799281331e-01
1.768797823499404787e-01 7.899073757059156264e-01
2.935555177690869072e-02 9.256033371189991144e-01
6.984764495834041576e-01 4.080087702749454204e-01
7.101105254208468498e-01 4.577656402370582911e-01
8.555815337527631348e-01 4.351915702737271241e-01
1.000000000000000000e+00 4.232148561491806960e-01
