6.415090014473413538e-01 1.000000000000000000e+00
9.512580302051387715e-01 8.331355778638989129e-01
1.000000000000000000e+00 6.515046635754830895e-01
8.428484975017139780e-01 5.335067986735319012e-01
6.881829377361099453e-01 4.739196293223772449e-01
7.524132935337981554e-01 5.004668102040384925e-01
8.273527055125929897e-01 2.678192958085084951e-01
8.520245145199650816e-01 1.218164111700489605e-01
8.571730856583428260e-01 1.365152205130357004e-02
4.576931269625863496e-01 5.137596564759731033e-01
3.733294210916847100e-01 2.677227292525245494e-01
3.029619713183784313e-01 1.096931410873308033e-01
2.274445397426384519e-01 0.000000000000000000e+00
2.365549608822857253e-01 5.689705789581761541e-01
1.194000163637030515e-01 3.644278122602451209e-01
6.666551462435427178e-02 2.417050837262217367e-01
1.726934937352409341e-02 1.573826497201940844e-01
1.098776813197044344e-01 6.411981955274452805e-01
4.241655216776745591e-02 4.840549503939613474e-01
1.682851685602480482e-02 4.044990530873204260e-01
0.000000000000000000e+00 3.519017504268974750e-01
