0.000000000000000000e+00 4.358145892620086670e-01
7.929888367652893066e-02 4.362024366855621338e-01
1.541353166103363037e-01 3.974095284938812256e-01
2.094500362873077393e-01 3.583993017673492432e-01
2.548322677612304688e-01 3.398346602916717529e-01
1.313818097114562988e-01 2.343280613422393799e-01
1.579195857048034668e-01 1.498773396015167236e-01
1.714957952499389648e-01 9.722441434860229492e-02
1.838182210922241211e-01 5.050393939018249512e-02
9.486916661262512207e-02 2.095734179019927979e-01
1.171501576900482178e-01 1.131676137447357178e-01
1.317906379699707031e-01 5.002656579017639160e-02
1.440194249153137207e-01 0.000000000000000000e+00
5.253732204437255859e-02 2.085027396678924561e-01
6.620201468467712402e-02 1.309702098369598389e-01
5.676323175430297852e-02 1.946891248226165771e-01
4.937696456909179688e-02 2.506363093852996826e-01
6.801247596740722656e-03 2.226285636425018311e-01
1.607754826545715332e-02 1.723333895206451416e-01
1.416990160942077637e-02 2.202266752719879150e-01
1.260846853256225586e-02 2.674426734447479248e-01
