9.410828351974487305e-03 4.682299792766571045e-01
9.239420294761657715e-02 4.567942321300506592e-01
1.641587615013122559e-01 4.020549952983856201e-01
2.185111343860626221e-01 3.573321998119354248e-01
2.613556683063507080e-01 3.347901403903961182e-01
1.279139518737792969e-01 2.437311708927154541e-01
1.494430005550384521e-01 1.546808779239654541e-01
1.600714921951293945e-01 1.001110374927520752e-01
1.685960292816162109e-01 5.071061849594116211e-02
8.914083242416381836e-02 2.242434322834014893e-01
1.082859337329864502e-01 1.205695271492004395e-01
1.211728155612945557e-01 5.404952168464660645e-02
1.303673982620239258e-01 0.000000000000000000e+00
4.590845108032226562e-02 2.295801341533660889e-01
5.776169896125793457e-02 1.444272696971893311e-01
5.907911062240600586e-02 2.125062048435211182e-01
5.753800272941589355e-02 2.713460624217987061e-01
0.000000000000000000e+00 2.522754371166229248e-01
1.189279556274414062e-02 1.953941881656646729e-01
1.834034919738769531e-02 2.469993531703948975e-01
2.080675959587097168e-02 2.980151474475860596e-01
