1.077484816639724396e-01 1.000000000000000000e+00
4.236977801931898213e-01 9.343594803772999891e-01
6.582687965425101373e-01 7.902011468654103199e-01
8.464681761759652590e-01 6.943286454995315493e-01
1.000000000000000000e+00 6.376448769278628692e-01
4.767204265297275700e-01 4.917657725612195607e-01
5.387917409544512592e-01 3.083258774577605776e-01
5.647606939749949539e-01 1.966594648628574304e-01
5.761792925861946024e-01 9.199597815551757707e-02
3.285855005032621845e-01 4.714649986625162881e-01
3.979957086384562359e-01 2.510004114059332658e-01
4.479532617767512104e-01 1.152240516958169814e-01
4.676017453816797564e-01 0.000000000000000000e+00
1.649238498217555360e-01 5.002098778067280982e-01
2.301843399963584003e-01 3.197219630171790339e-01
2.888920236870587410e-01 4.660501082726359878e-01
2.980043505144920335e-01 5.809358137368079156e-01
0.000000000000000000e+00 5.688631585035138771e-01
9.924928900928978170e-02 4.322851067061500019e-01
1.693273940076214790e-01 5.461646757079378078e-01
1.864878722592082094e-01 6.535041121253993834e-01
