4.103964567184448242e-02 4.861073195934295654e-01
1.120654344558715820e-01 4.450701773166656494e-01
1.625139415264129639e-01 3.691810667514801025e-01
2.018899917602539062e-01 3.169479668140411377e-01
2.326140999794006348e-01 2.869793474674224854e-01
1.086994707584381104e-01 2.377183735370635986e-01
1.221708953380584717e-01 1.454678475856781006e-01
1.250168383121490479e-01 8.807453513145446777e-02
1.244899928569793701e-01 3.542807698249816895e-02
7.334357500076293945e-02 2.337192595005035400e-01
8.850312232971191406e-02 1.244312822818756104e-01
1.008293330669403076e-01 5.785059928894042969e-02
1.076834201812744141e-01 0.000000000000000000e+00
3.531453013420104980e-02 2.510330379009246826e-01
5.717805027961730957e-02 1.672452986240386963e-01
8.053171634674072266e-02 2.364621460437774658e-01
8.818662166595458984e-02 2.927181422710418701e-01
0.000000000000000000e+00 2.871066629886627197e-01
2.959999442100524902e-02 2.268315851688385010e-01
5.528891086578369141e-02 2.790840566158294678e-01
6.461769342422485352e-02 3.296429216861724854e-01
