4.963988065719604492e-02 4.741417467594146729e-01
1.042222380638122559e-01 4.089278280735015869e-01
1.326580643653869629e-01 3.276798427104949951e-01
1.548808515071868896e-01 2.721439898014068604e-01
1.753382682800292969e-01 2.308780252933502197e-01
6.522169709205627441e-02 2.258711755275726318e-01
8.023864030838012695e-02 1.374582350254058838e-01
8.792605996131896973e-02 7.625666260719299316e-02
9.132263064384460449e-02 2.402827143669128418e-02
3.661376237869262695e-02 2.281729876995086670e-01
6.125327944755554199e-02 1.211325228214263916e-01
8.663716912269592285e-02 5.402740836143493652e-02
1.026456356048583984e-01 0.000000000000000000e+00
1.175403594970703125e-02 2.508336603641510010e-01
6.738790869712829590e-02 1.807354390621185303e-01
9.470036625862121582e-02 2.440561354160308838e-01
9.636926651000976562e-02 2.909406721591949463e-01
0.000000000000000000e+00 2.890506088733673096e-01
5.434221029281616211e-02 2.370174825191497803e-01
8.202767372131347656e-02 2.813251912593841553e-01
8.677676320075988770e-02 3.215296566486358643e-01
