9.539626450568553517e-01 1.000000000000000000e+00
1.000000000000000000e+00 7.835004543380824638e-01
8.753098319041795472e-01 6.092346782762751989e-01
6.866106347265150678e-01 5.229217251134543609e-01
4.920212500907606423e-01 5.018254525950790468e-01
8.849194259087097558e-01 5.144896384591328697e-01
7.491254945564972401e-01 2.834799143801980947e-01
6.974787762476206687e-01 1.527009899970405149e-01
6.651259900028047012e-01 5.085708036938366150e-02
7.520561733606493382e-01 5.259639532417984542e-01
5.831015081214754314e-01 2.607894807643294510e-01
5.182318546349143906e-01 1.110962927690380131e-01
4.785235415299324835e-01 0.000000000000000000e+00
5.864859901167004397e-01 5.726728300040762054e-01
2.783956224186606709e-01 3.460553300178176861e-01
1.111337320632064252e-01 2.269117131858140179e-01
0.000000000000000000e+00 1.262641837811285250e-01
4.307660055495681206e-01 6.576168383681784135e-01
2.106910337031621672e-01 4.853136408174671956e-01
2.005340284767730963e-01 5.427948576045722451e-01
2.434840980243366537e-01 6.234011740177054506e-01
