1.998545955564511034e-01 1.000000000000000000e+00
7.379545080142626556e-01 8.093183690300319588e-01
8.036182289248647859e-01 6.270942371730913178e-01
7.907213449094149249e-01 4.886419317098975590e-01
8.029478436439333455e-01 3.764760118749089224e-01
2.133325527601657168e-01 4.548344906869354332e-01
4.228293145160741395e-01 2.550484656505402348e-01
5.307616170390045962e-01 1.161133166401301653e-01
5.933427092877768816e-01 0.000000000000000000e+00
5.825544619967515381e-02 4.884166396908542485e-01
4.656389422507464237e-01 2.604136416546846688e-01
7.774707523318489244e-01 1.170339584443756548e-01
1.000000000000000000e+00 3.871468936092535389e-03
0.000000000000000000e+00 5.590230010955775652e-01
7.301854451241179822e-01 4.165993664678270259e-01
9.142930661957813232e-01 5.481790851242551721e-01
9.000594960129502109e-01 6.531683132676345815e-01
6.818869357919572771e-02 6.560902904319673157e-01
7.232359840599698053e-01 5.539615365676289205e-01
8.994002747436021794e-01 6.455795915854348754e-01
8.822444564555896873e-01 7.269924951399279189e-01
