0.000000000000000000e+00 4.471867382526397705e-01
6.371289491653442383e-03 3.605988323688507080e-01
2.345648407936096191e-02 2.694632112979888916e-01
5.415311455726623535e-02 2.151195108890533447e-01
7.935780286788940430e-02 1.829960644245147705e-01
5.546212196350097656e-04 2.061098515987396240e-01
3.801605105400085449e-02 1.110520958900451660e-01
5.884283781051635742e-02 5.034217238426208496e-02
7.223290205001831055e-02 0.000000000000000000e+00
8.440256118774414062e-03 2.279942929744720459e-01
7.271736860275268555e-02 1.229886710643768311e-01
1.147961914539337158e-01 6.351712346076965332e-02
1.449570953845977783e-01 1.497957110404968262e-02
2.287176251411437988e-02 2.657603919506072998e-01
1.119641661643981934e-01 1.979623138904571533e-01
1.172367930412292480e-01 2.519905865192413330e-01
1.033936142921447754e-01 2.869159281253814697e-01
4.455551505088806152e-02 3.132651150226593018e-01
1.224957704544067383e-01 2.713505923748016357e-01
1.238513886928558350e-01 3.086428940296173096e-01
1.077652573585510254e-01 3.341517746448516846e-01
