3.556150197982788086e-02 4.393144845962524414e-01
1.260557770729064941e-02 3.543671965599060059e-01
9.740740060806274414e-03 2.639694213867187500e-01
1.186051964759826660e-02 1.927458643913269043e-01
0.000000000000000000e+00 1.449303030967712402e-01
4.829457402229309082e-02 2.059058547019958496e-01
9.596893191337585449e-02 1.068417727947235107e-01
1.241765618324279785e-01 4.533123970031738281e-02
1.441011130809783936e-01 0.000000000000000000e+00
7.651305198669433594e-02 2.281451821327209473e-01
1.427474319934844971e-01 1.226626336574554443e-01
1.847261190414428711e-01 6.367582082748413086e-02
2.144618034362792969e-01 2.456143498420715332e-02
1.048043370246887207e-01 2.704430818557739258e-01
1.763038039207458496e-01 2.142981886863708496e-01
1.693086326122283936e-01 2.505370974540710449e-01
1.503370702266693115e-01 2.792645692825317383e-01
1.319098174571990967e-01 3.248739838600158691e-01
1.915862858295440674e-01 2.795201539993286133e-01
1.829564273357391357e-01 3.054599761962890625e-01
1.633275449275970459e-01 3.281719684600830078e-01
