2.507047155604923416e-01 1.000000000000000000e+00
1.139994483416703341e-01 8.023641065731185185e-01
7.408540733258288380e-02 5.879665365926295406e-01
5.275023110011107380e-02 4.141687907713127448e-01
0.000000000000000000e+00 2.904146493147025110e-01
3.641995642644679787e-01 4.681068150912160442e-01
5.508770854921314353e-01 2.489762007213196515e-01
6.628404300325776433e-01 1.038606423117265920e-01
7.544979489865142330e-01 0.000000000000000000e+00
5.038613753438545562e-01 5.238633302895132626e-01
7.368289244153539697e-01 3.036355583876950703e-01
8.882403823215869743e-01 1.626442803555357142e-01
1.000000000000000000e+00 6.577990772188681279e-02
6.303510625013978297e-01 6.232655426430431245e-01
8.550309236176858452e-01 4.686850587851435490e-01
8.129505520310718047e-01 4.829032842599466080e-01
7.246177762578183135e-01 5.239912966454475240e-01
7.358933417076062300e-01 7.494591197447570963e-01
9.197686576065483566e-01 6.369439827619053363e-01
8.958920790436928350e-01 6.304402809073649250e-01
8.320986639058900458e-01 6.509491134600350337e-01
