9.047281742095947266e-02 4.540323615074157715e-01
4.773575067520141602e-02 3.622201681137084961e-01
2.979859709739685059e-02 2.627573609352111816e-01
1.743352413177490234e-02 1.802702546119689941e-01
0.000000000000000000e+00 1.259135007858276367e-01
1.202588081359863281e-01 2.081187963485717773e-01
1.663627326488494873e-01 1.080393195152282715e-01
1.940411925315856934e-01 4.395347833633422852e-02
2.179848253726959229e-01 0.000000000000000000e+00
1.637915372848510742e-01 2.343382835388183594e-01
2.157229483127593994e-01 1.358554661273956299e-01
2.499648928642272949e-01 7.295209169387817383e-02
2.773749232292175293e-01 3.417637944221496582e-02
1.997854709625244141e-01 2.773709297180175781e-01
2.400097250938415527e-01 2.121162414550781250e-01
2.215167284011840820e-01 2.282162904739379883e-01
1.985374093055725098e-01 2.584738135337829590e-01
2.287685275077819824e-01 3.281135559082031250e-01
2.510187029838562012e-01 2.781742215156555176e-01
2.324306666851043701e-01 2.853382229804992676e-01
2.134477198123931885e-01 3.062562346458435059e-01
