4.105158401592124973e-01 1.000000000000000000e+00
2.145848059485461756e-01 8.074119709740701367e-01
1.308919225813771348e-01 6.045882332401495418e-01
6.426113361079367758e-02 4.262459977187261218e-01
0.000000000000000000e+00 2.988044209733294321e-01
5.103463292414490704e-01 4.625526142594430512e-01
6.411904812427431377e-01 2.381201287501878150e-01
7.346142744251349388e-01 9.861000744905754067e-02
8.200509972268538172e-01 0.000000000000000000e+00
6.810332776471965666e-01 5.103259121392127451e-01
8.177528911064295691e-01 2.895752344231107278e-01
9.168036960780246991e-01 1.513760387943531016e-01
1.000000000000000000e+00 6.535661833949503452e-02
8.078471068462599325e-01 5.996161989490903510e-01
8.467078339592736258e-01 5.071846636179141443e-01
7.736849575028441617e-01 5.510067337787248887e-01
7.011701766135925995e-01 6.115758248455696044e-01
8.978978492255994537e-01 7.039158341145673736e-01
9.049090348988612087e-01 6.343978219971515564e-01
8.426705801577004662e-01 6.579518953830656436e-01
7.880161315277618428e-01 6.985685694211954955e-01
