3.566990035409310367e-01 1.000000000000000000e+00
1.848557975837867851e-01 8.083569750939272325e-01
1.050267941170890951e-01 5.910885543027004640e-01
6.276718852715250374e-02 4.037606857216454181e-01
0.000000000000000000e+00 2.725231358575516127e-01
4.276595955271929039e-01 5.056693947843993175e-01
5.737226914045198134e-01 2.612748808808539880e-01
6.655581152316122351e-01 1.098591975258831760e-01
7.471956288101300192e-01 0.000000000000000000e+00
5.954134715393440969e-01 5.614750737866702757e-01
7.789320377138435614e-01 3.171723328893727434e-01
9.019109315213795774e-01 1.582814513848794236e-01
1.000000000000000000e+00 5.171389348152240217e-02
7.278366008381770280e-01 6.458895535334497895e-01
8.545139653561180104e-01 4.506886299632869020e-01
8.253058208023306141e-01 3.898735005574818779e-01
7.735758949449559330e-01 3.781921265278608835e-01
8.262382742229623656e-01 7.379566505512050734e-01
9.177191306779237667e-01 5.765129412322951286e-01
8.965898433923653599e-01 5.146697977252547851e-01
8.604097433752916357e-01 4.951254063790843096e-01
