1.008971929550170898e-01 4.441525638103485107e-01
6.079402565956115723e-02 3.466072976589202881e-01
3.642517328262329102e-02 2.376395761966705322e-01
2.118203043937683105e-02 1.500028073787689209e-01
0.000000000000000000e+00 8.708223700523376465e-02
1.047387123107910156e-01 2.269633114337921143e-01
1.456096470355987549e-01 1.207583844661712646e-01
1.695348322391510010e-01 5.315354466438293457e-02
1.934748589992523193e-01 0.000000000000000000e+00
1.524159908294677734e-01 2.584423124790191650e-01
2.163357436656951904e-01 1.359151303768157959e-01
2.564857602119445801e-01 5.946496129035949707e-02
2.922160029411315918e-01 2.135306596755981445e-03
1.950568258762359619e-01 3.030785024166107178e-01
2.509662508964538574e-01 1.910080015659332275e-01
2.274647355079650879e-01 1.978889405727386475e-01
2.026611268520355225e-01 2.272026836872100830e-01
2.302585244178771973e-01 3.516335189342498779e-01
2.644543647766113281e-01 2.529698312282562256e-01
2.412425279617309570e-01 2.547267377376556396e-01
2.189069390296936035e-01 2.833619415760040283e-01
