3.815415560221417923e-01 1.000000000000000000e+00
2.292164348961598652e-01 7.742794921886351212e-01
1.393887103172356812e-01 5.100654814635235956e-01
8.641498495177497852e-02 2.959601083636442254e-01
0.000000000000000000e+00 1.417341171957959556e-01
3.470023068462214089e-01 5.197776934617335254e-01
4.491678883759003815e-01 2.869273139426726793e-01
5.025352024220710589e-01 1.324310086735748515e-01
5.660969439360961086e-01 6.918159102161433073e-03
5.253795807687764441e-01 5.853647365395754365e-01
7.414452405462348406e-01 3.077429526685336314e-01
8.730818025742088651e-01 1.328374138516500713e-01
1.000000000000000000e+00 0.000000000000000000e+00
6.826654145882656843e-01 6.826555347348430836e-01
8.699399288613826053e-01 4.280134245164304296e-01
7.857037269483601039e-01 4.702091305419925926e-01
7.090060566729249336e-01 5.591504263725826096e-01
8.104205620553168732e-01 7.908783139595543243e-01
9.337166755353180081e-01 5.650306402106166637e-01
8.546522395676570127e-01 5.885741889400781801e-01
7.797740491228579707e-01 6.753557394457114782e-01
