3.472584486007690430e-02 4.235027730464935303e-01
2.137401700019836426e-02 3.103424608707427979e-01
2.165138721466064453e-02 1.776563227176666260e-01
2.146112918853759766e-02 7.558676600456237793e-02
0.000000000000000000e+00 0.000000000000000000e+00
2.985528111457824707e-02 2.239200770854949951e-01
6.434765458106994629e-02 1.518676578998565674e-01
7.871985435485839844e-02 9.630581736564636230e-02
9.299436211585998535e-02 4.468813538551330566e-02
6.947371363639831543e-02 2.750240266323089600e-01
1.447699368000030518e-01 1.845968067646026611e-01
1.950302422046661377e-01 1.287290155887603760e-01
2.399618029594421387e-01 8.761784434318542480e-02
1.123027801513671875e-01 3.302763998508453369e-01
1.814474463462829590e-01 2.631215155124664307e-01
1.552791595458984375e-01 2.799687087535858154e-01
1.257852017879486084e-01 3.064761459827423096e-01
1.525815129280090332e-01 3.829083740711212158e-01
2.004453539848327637e-01 3.162197768688201904e-01
1.725072264671325684e-01 3.338485658168792725e-01
1.419733762741088867e-01 3.603010475635528564e-01
