8.874314949645577544e-01 1.000000000000000000e+00
1.000000000000000000e+00 7.800581055304858236e-01
9.140092153231376138e-01 6.067128199950456713e-01
7.332579706360359273e-01 5.186716015738581653e-01
5.336668533554153049e-01 4.922353134511998629e-01
8.865065266615584916e-01 5.118835269729546944e-01
7.966801471977790206e-01 2.820519584238010968e-01
7.591158512491539279e-01 1.573556526002406752e-01
7.356477011513999908e-01 5.553392718374039472e-02
7.050986644309830131e-01 5.315911679836222703e-01
5.638279668908077191e-01 2.639009537808769124e-01
4.956132725392304317e-01 1.159613745578185473e-01
4.456811333266904041e-01 0.000000000000000000e+00
5.208052584379305738e-01 5.904688010231230466e-01
2.553410734717578845e-01 3.468210993054564040e-01
1.073911564508980010e-01 2.236738498127882613e-01
0.000000000000000000e+00 1.196322348040727290e-01
3.734349928016025277e-01 6.896084062002275639e-01
2.174232142304930171e-01 4.994516601341909001e-01
2.439050704893192256e-01 5.428463099016201943e-01
3.042537546772403623e-01 6.123851131714661555e-01
