0.000000000000000000e+00 4.286633729934692383e-01
3.510069847106933594e-02 3.038933873176574707e-01
7.107371091842651367e-02 1.830546855926513672e-01
9.056100249290466309e-02 8.287096023559570312e-02
8.450558781623840332e-02 0.000000000000000000e+00
2.394208312034606934e-02 1.906901001930236816e-01
6.099835038185119629e-02 1.119194030761718750e-01
8.015623688697814941e-02 5.562147498130798340e-02
9.772512316703796387e-02 4.472255706787109375e-03
2.204835414886474609e-02 2.469273805618286133e-01
1.047531962394714355e-01 1.826019883155822754e-01
1.538723409175872803e-01 1.480802893638610840e-01
1.976144313812255859e-01 1.209450960159301758e-01
3.299233317375183105e-02 3.118937015533447266e-01
1.468687057495117188e-01 2.776213288307189941e-01
1.267279684543609619e-01 2.991028428077697754e-01
9.726825356483459473e-02 3.174111843109130859e-01
5.297309160232543945e-02 3.817634582519531250e-01
1.508250534534454346e-01 3.520826101303100586e-01
1.356581449508666992e-01 3.617615699768066406e-01
1.079465150833129883e-01 3.725121021270751953e-01
