0.000000000000000000e+00 4.037066698074340820e-01
7.188075780868530273e-02 2.759482860565185547e-01
1.100318729877471924e-01 1.625509858131408691e-01
1.246671378612518311e-01 7.775014638900756836e-02
1.318011283874511719e-01 0.000000000000000000e+00
4.442554712295532227e-02 1.710700988769531250e-01
9.347668290138244629e-02 1.062929034233093262e-01
1.242373883724212646e-01 5.544692277908325195e-02
1.555420756340026855e-01 8.427858352661132812e-03
1.506888866424560547e-02 2.181127071380615234e-01
7.267296314239501953e-02 1.757819652557373047e-01
1.114223897457122803e-01 1.484641432762145996e-01
1.486208140850067139e-01 1.257709860801696777e-01
1.960918307304382324e-03 2.789384722709655762e-01
9.573060274124145508e-02 2.710675597190856934e-01
1.110904812812805176e-01 2.787712216377258301e-01
1.150240898132324219e-01 2.808745503425598145e-01
3.241673111915588379e-03 3.487927913665771484e-01
9.692716598510742188e-02 3.492362499237060547e-01
1.065761148929595947e-01 3.531736731529235840e-01
1.008761525154113770e-01 3.544175028800964355e-01
