5.523930490016937256e-02 3.477941155433654785e-01
1.279669255018234253e-01 2.669234275817871094e-01
1.590770632028579712e-01 1.604498624801635742e-01
1.649477332830429077e-01 7.605010271072387695e-02
1.655293852090835571e-01 0.000000000000000000e+00
9.269960224628448486e-02 1.454926729202270508e-01
9.989108145236968994e-02 1.136229038238525391e-01
1.143282204866409302e-01 9.870165586471557617e-02
1.318767815828323364e-01 8.372086286544799805e-02
5.254308879375457764e-02 1.748853325843811035e-01
7.710243761539459229e-02 1.611725687980651855e-01
1.020722538232803345e-01 1.544641852378845215e-01
1.265978366136550903e-01 1.531621217727661133e-01
2.112202346324920654e-02 2.216836810111999512e-01
6.565468013286590576e-02 2.538134455680847168e-01
8.696432411670684814e-02 2.690228819847106934e-01
1.031547039747238159e-01 2.761711478233337402e-01
0.000000000000000000e+00 2.789508104324340820e-01
4.353164136409759521e-02 3.172081112861633301e-01
6.369955837726593018e-02 3.387356996536254883e-01
7.777000963687896729e-02 3.517361879348754883e-01
