2.199200658088964200e-01 9.718163038663771847e-01
4.949855010112988452e-01 8.391816857416117825e-01
7.119734129423485047e-01 5.961493067162264570e-01
8.723126060141825899e-01 4.159824720431753997e-01
1.000000000000000000e+00 2.709695871012846036e-01
4.751012982028345322e-01 3.820081237617935499e-01
5.449309775288077029e-01 2.160158900460107945e-01
5.790389965567354080e-01 1.112125227488907353e-01
5.994170663997834270e-01 0.000000000000000000e+00
2.778841488492767575e-01 4.009212595996381467e-01
3.533757647588671169e-01 3.980424281897348426e-01
3.943715723624915959e-01 4.512626012942440035e-01
3.900694654305911779e-01 4.578039936284001854e-01
1.159277301447748237e-01 5.201868127864025526e-01
2.360546378914686882e-01 7.099483232428546176e-01
3.000798780037987612e-01 8.141280617754055315e-01
3.096526447533917148e-01 8.387504015332395424e-01
0.000000000000000000e+00 7.063357122614901673e-01
1.087581331729218087e-01 8.857122941067547828e-01
1.707748708866594078e-01 9.740580871240696048e-01
1.880266015888510389e-01 1.000000000000000000e+00
