1.913624884238443735e-01 9.813815902510815148e-01
4.513170592671940096e-01 9.289492504688768859e-01
6.767501229782656447e-01 7.466790942399728070e-01
8.498857994681026096e-01 6.042959898952912079e-01
1.000000000000000000e+00 4.921782168596379736e-01
4.999399818990391542e-01 4.161445838434241762e-01
5.491502096849232295e-01 2.272713833414968521e-01
5.751646067374506233e-01 1.126770551861582537e-01
5.967579241776400645e-01 0.000000000000000000e+00
3.037352026306618935e-01 3.783586133689730291e-01
3.237830482023574818e-01 3.146366309752991475e-01
3.309291941934229264e-01 4.269119541028876808e-01
3.220386697478265781e-01 5.083415743885577598e-01
1.329745907681592343e-01 4.391746029251800132e-01
1.670092151898360244e-01 5.680671188202681687e-01
2.175236425398515694e-01 7.433469718231378032e-01
2.457786230615434109e-01 8.449864231931930592e-01
0.000000000000000000e+00 5.805443831221259732e-01
2.945958834274493843e-02 7.542673434842182001e-01
7.927848874191030515e-02 9.104166455600544161e-01
1.157711555268133297e-01 1.000000000000000000e+00
