6.448517739772796631e-02 2.752797901630401611e-01
1.430003792047500610e-01 2.890212833881378174e-01
2.200310081243515015e-01 2.712316215038299561e-01
2.837395519018173218e-01 2.673601806163787842e-01
3.411463946104049683e-01 2.635256350040435791e-01
1.739581376314163208e-01 1.571960747241973877e-01
1.920371800661087036e-01 8.332684636116027832e-02
2.035406976938247681e-01 4.025220870971679688e-02
2.112896293401718140e-01 0.000000000000000000e+00
1.150920242071151733e-01 1.251084506511688232e-01
1.148184984922409058e-01 7.734283804893493652e-02
1.120551079511642456e-01 6.466457247734069824e-02
1.061369329690933228e-01 5.057004094123840332e-02
5.788175761699676514e-02 1.225501000881195068e-01
5.146543681621551514e-02 1.547619998455047607e-01
5.949227511882781982e-02 2.267666161060333252e-01
6.707467138767242432e-02 2.749394476413726807e-01
8.576631546020507812e-03 1.420289576053619385e-01
0.000000000000000000e+00 1.732933223247528076e-01
1.031304895877838135e-02 2.327087819576263428e-01
2.324239909648895264e-02 2.772597372531890869e-01
