3.114616870880126953e-02 4.290740787982940674e-01
1.144934594631195068e-01 4.427965581417083740e-01
1.965259611606597900e-01 4.252726137638092041e-01
2.572930753231048584e-01 4.139741361141204834e-01
3.091290891170501709e-01 4.148151576519012451e-01
1.578977108001708984e-01 2.491687238216400146e-01
1.852902472019195557e-01 1.540112495422363281e-01
1.991131603717803955e-01 9.129080176353454590e-02
2.120561301708221436e-01 3.246948122978210449e-02
1.069772243499755859e-01 2.218934595584869385e-01
1.178587079048156738e-01 1.232946813106536865e-01
1.185257434844970703e-01 5.741873383522033691e-02
1.159670054912567139e-01 0.000000000000000000e+00
5.669087171554565430e-02 2.230589091777801514e-01
5.634853243827819824e-02 1.704125702381134033e-01
4.755386710166931152e-02 2.578211724758148193e-01
4.269164800643920898e-02 3.244203031063079834e-01
8.024781942367553711e-03 2.442285716533660889e-01
1.271039247512817383e-03 2.146673500537872314e-01
0.000000000000000000e+00 2.816487848758697510e-01
2.159953117370605469e-03 3.389025628566741943e-01
