3.444612026214599609e-03 4.774857163429260254e-01
8.397740125656127930e-02 4.985977411270141602e-01
1.609057486057281494e-01 4.905883073806762695e-01
2.231680750846862793e-01 4.854598641395568848e-01
2.708143591880798340e-01 4.993596076965332031e-01
1.474030613899230957e-01 2.862303256988525391e-01
1.825358867645263672e-01 1.933425664901733398e-01
1.999435424804687500e-01 1.297691464424133301e-01
2.161763906478881836e-01 7.070791721343994141e-02
1.021798253059387207e-01 2.498775124549865723e-01
1.212395131587982178e-01 1.439461708068847656e-01
1.272942721843719482e-01 6.687286496162414551e-02
1.321323215961456299e-01 0.000000000000000000e+00
5.362182855606079102e-02 2.438770532608032227e-01
5.578985810279846191e-02 1.766660809516906738e-01
3.963911533355712891e-02 2.553620934486389160e-01
2.921330928802490234e-02 3.195575475692749023e-01
5.646020174026489258e-03 2.570623159408569336e-01
3.361225128173828125e-03 2.050137519836425781e-01
0.000000000000000000e+00 2.608795762062072754e-01
4.779994487762451172e-04 3.156650066375732422e-01
