0.000000000000000000e+00 4.126743674278259277e-01
6.514674425125122070e-02 4.522259831428527832e-01
1.325270831584930420e-01 4.710611701011657715e-01
1.860681772232055664e-01 4.991223812103271484e-01
2.264506220817565918e-01 5.300625562667846680e-01
1.659274995326995850e-01 2.817058563232421875e-01
2.161841392517089844e-01 1.997153759002685547e-01
2.452782988548278809e-01 1.482023596763610840e-01
2.726035118103027344e-01 9.742656350135803223e-02
1.313942074775695801e-01 2.298007607460021973e-01
1.700796186923980713e-01 1.339862942695617676e-01
1.868880689144134521e-01 6.266772747039794922e-02
1.991230845451354980e-01 0.000000000000000000e+00
8.717820048332214355e-02 2.067151069641113281e-01
1.006944179534912109e-01 1.401529908180236816e-01
6.965863704681396484e-02 2.069872021675109863e-01
4.490566253662109375e-02 2.639943957328796387e-01
3.900110721588134766e-02 2.052401900291442871e-01
4.243463277816772461e-02 1.554515361785888672e-01
2.664723992347717285e-02 2.069929838180541992e-01
1.437440514564514160e-02 2.606876492500305176e-01
