0.000000000000000000e+00 5.024614024423410541e-01
1.421432997840221257e-01 6.383899815731790550e-01
3.127214333714735672e-01 7.593542835440186822e-01
4.344581239726194588e-01 8.953872352039117244e-01
5.190805665634073973e-01 1.000000000000000000e+00
5.554440783825873584e-01 4.433276252494205427e-01
7.609392288883357613e-01 3.753076305742087393e-01
8.828253728371743270e-01 3.234124162991958151e-01
1.000000000000000000e+00 2.668265216441190191e-01
5.057286001932573827e-01 3.111805523084101854e-01
6.927151990318269892e-01 1.918726125529496840e-01
7.987726321741387414e-01 9.282218785814687345e-02
8.828388948067275033e-01 0.000000000000000000e+00
4.066959191941333374e-01 2.178978728520729879e-01
4.915944056765227943e-01 1.403033984172591953e-01
3.411100078053789786e-01 2.347909543490064588e-01
2.206506985253758324e-01 3.100869667696952714e-01
2.854415714806005089e-01 1.544985991417357485e-01
3.401882009072885737e-01 9.093399934537549356e-02
2.395347517286325612e-01 1.711856790870373846e-01
1.488279566008828825e-01 2.500808737996562670e-01
