1.543238759040832520e-01 4.022158384323120117e-01
1.776576042175292969e-01 3.099859952926635742e-01
1.604820489883422852e-01 2.396402359008789062e-01
1.216155290603637695e-01 2.154397964477539062e-01
8.233529329299926758e-02 2.204258441925048828e-01
1.554083228111267090e-01 2.044506072998046875e-01
1.463994979858398438e-01 1.136503815650939941e-01
1.425365805625915527e-01 6.404870748519897461e-02
1.395275592803955078e-01 2.359586954116821289e-02
1.150255203247070312e-01 2.124022841453552246e-01
9.331899881362915039e-02 1.058307886123657227e-01
7.922911643981933594e-02 4.555124044418334961e-02
6.731528043746948242e-02 0.000000000000000000e+00
7.885444164276123047e-02 2.372132539749145508e-01
3.827160596847534180e-02 1.463613510131835938e-01
1.673829555511474609e-02 9.593534469604492188e-02
0.000000000000000000e+00 5.639922618865966797e-02
5.298107862472534180e-02 2.765991091728210449e-01
3.696697950363159180e-02 2.053499817848205566e-01
4.774582386016845703e-02 2.171446084976196289e-01
6.196284294128417969e-02 2.399088740348815918e-01
