0.000000000000000000e+00 1.458712220191955566e-01
2.876171469688415527e-02 2.278524637222290039e-01
6.878432631492614746e-02 3.052248954772949219e-01
8.341723680496215820e-02 3.833091259002685547e-01
9.888112545013427734e-02 4.389159679412841797e-01
1.753230988979339600e-01 1.979029178619384766e-01
2.468256354331970215e-01 1.980592608451843262e-01
2.920055985450744629e-01 1.913094520568847656e-01
3.356983065605163574e-01 1.818177103996276855e-01
1.745638251304626465e-01 1.267529726028442383e-01
2.437417507171630859e-01 1.006006002426147461e-01
2.850911021232604980e-01 7.202839851379394531e-02
3.226869106292724609e-01 4.207450151443481445e-02
1.545156240463256836e-01 6.622850894927978516e-02
1.798522472381591797e-01 4.474693536758422852e-02
1.185604631900787354e-01 7.188796997070312500e-02
7.515874505043029785e-02 9.177684783935546875e-02
1.235785782337188721e-01 1.711490750312805176e-02
1.409706175327301025e-01 0.000000000000000000e+00
9.728699922561645508e-02 2.788537740707397461e-02
6.213992834091186523e-02 5.219250917434692383e-02
