0.000000000000000000e+00 3.319205909246101260e-01
6.861775507247289130e-02 5.139031510128228009e-01
1.795236702278439622e-01 6.842367063187712040e-01
2.123405108063672886e-01 8.592189255049660357e-01
2.422195376033864644e-01 1.000000000000000000e+00
5.021886948894166425e-01 4.449319537175377981e-01
7.232535716760420952e-01 4.427209085442442293e-01
8.635526837964333513e-01 4.352162462078231209e-01
1.000000000000000000e+00 4.230485963769589630e-01
5.051183393281217793e-01 2.868482137020735290e-01
6.993729094356500031e-01 2.334423577398170302e-01
8.211453300493231078e-01 1.665963941473191656e-01
9.280408852969153077e-01 9.733989650016811046e-02
4.466105888855992911e-01 1.521119648274538438e-01
4.817602197494157412e-01 9.499420935342424432e-02
2.918697519354452874e-01 1.639126697055299231e-01
1.557981270748162173e-01 2.248563927462092493e-01
3.543620747217305356e-01 4.360902471031792571e-02
3.722100217954129042e-01 0.000000000000000000e+00
2.399982637685906806e-01 6.251111707783686688e-02
1.345315561042904340e-01 1.276076465182028330e-01
