0.000000000000000000e+00 3.183773875821080401e-01
8.228514781319375138e-02 5.048267731864619634e-01
2.205291954875125970e-01 6.875733875960223784e-01
2.618642591549170118e-01 8.659944445837209903e-01
3.020025992153326233e-01 1.000000000000000000e+00
8.908478129337519258e-01 4.757346676376310035e-01
1.000000000000000000e+00 4.066064759931622974e-01
7.836571086013673915e-01 3.981374469531155369e-01
6.079105213250426409e-01 4.124955962944219512e-01
9.299641837189875915e-01 3.127317680591512605e-01
8.801066428560020416e-01 1.931656888451094012e-01
5.704534809911486759e-01 2.136791300280961592e-01
4.001686630012208923e-01 2.516247079639988282e-01
8.574743783407141606e-01 1.838686372077106002e-01
7.558420131699024047e-01 7.672853465669808581e-02
4.764668499760989495e-01 1.188919539066221331e-01
3.557292492695046104e-01 1.698885738039463689e-01
7.333310181324798060e-01 8.880101536226019110e-02
6.110497851134566449e-01 0.000000000000000000e+00
3.731281693954465739e-01 4.009690131465230845e-02
2.754137554873045679e-01 9.818641100124521348e-02
