0.000000000000000000e+00 3.623275744605213289e-01
9.235956114044058252e-02 5.381094732229070310e-01
2.728572687194228963e-01 7.204821438944110090e-01
3.053692231681361946e-01 8.996724156779145609e-01
3.861075313026894329e-01 1.000000000000000000e+00
8.986359490312059162e-01 4.860215335670203252e-01
8.524368418143121184e-01 4.717118027648699030e-01
7.198219270847728835e-01 4.885648549971250976e-01
5.506649662096796405e-01 5.132607369883577242e-01
1.000000000000000000e+00 3.164661301574928087e-01
7.963221931230825001e-01 2.527486403969832485e-01
5.166312812681389532e-01 2.576618640448696262e-01
2.378376008872550296e-01 2.876034968144141613e-01
9.328248949666934076e-01 1.816290846869031694e-01
6.867066357555487999e-01 1.095859093161835190e-01
4.288505158379170012e-01 1.218213442971476934e-01
2.322680716023107217e-01 1.692217939123121795e-01
7.789260517150833341e-01 8.324675401206309278e-02
5.521020481494789411e-01 0.000000000000000000e+00
3.326249775422206456e-01 1.785616572045761047e-02
1.841870456618480423e-01 7.730095244669614452e-02
