5.047184228897094727e-02 1.429386138916015625e-01
6.743466854095458984e-02 2.363423109054565430e-01
9.860014915466308594e-02 3.311834335327148438e-01
1.108097434043884277e-01 4.062986373901367188e-01
1.253662407398223877e-01 4.498320817947387695e-01
1.742139458656311035e-01 2.029355764389038086e-01
1.879214048385620117e-01 2.105209827423095703e-01
1.530395150184631348e-01 2.446216940879821777e-01
1.034952700138092041e-01 2.689874768257141113e-01
1.787109971046447754e-01 1.203939318656921387e-01
1.367461681365966797e-01 1.330080628395080566e-01
6.215554475784301758e-02 1.560895442962646484e-01
0.000000000000000000e+00 1.711594462394714355e-01
1.647428870201110840e-01 5.512103438377380371e-02
1.171834766864776611e-01 6.937006115913391113e-02
6.235548853874206543e-02 9.461107850074768066e-02
2.161577343940734863e-02 1.157864928245544434e-01
1.431623101234436035e-01 2.054572105407714844e-03
1.054473519325256348e-01 0.000000000000000000e+00
6.915837526321411133e-02 2.142053842544555664e-02
4.461109638214111328e-02 4.617071151733398438e-02
