1.353810727596282959e-01 1.105722784996032715e-01
1.663292348384857178e-01 2.053475379943847656e-01
1.962133646011352539e-01 3.094645738601684570e-01
2.222685217857360840e-01 3.996766209602355957e-01
2.512134313583374023e-01 4.652956128120422363e-01
2.296382188796997070e-01 2.150269746780395508e-01
1.812148690223693848e-01 2.626364827156066895e-01
1.421160697937011719e-01 3.069437146186828613e-01
1.018688976764678955e-01 3.415490388870239258e-01
2.102107405662536621e-01 1.248409450054168701e-01
1.184760034084320068e-01 1.881002187728881836e-01
5.351945757865905762e-02 2.346251010894775391e-01
0.000000000000000000e+00 2.669236660003662109e-01
1.806877255439758301e-01 5.473867058753967285e-02
9.768790006637573242e-02 1.169709861278533936e-01
6.388244032859802246e-02 1.497119069099426270e-01
3.903666138648986816e-02 1.721524596214294434e-01
1.475927233695983887e-01 0.000000000000000000e+00
8.959349989891052246e-02 3.378313779830932617e-02
6.771624088287353516e-02 6.113770604133605957e-02
5.391013622283935547e-02 8.213534951210021973e-02
