4.076442208446103832e-01 0.000000000000000000e+00
5.973405521668032625e-01 1.989284717423878968e-01
7.292175003340464201e-01 4.674658933283629136e-01
8.274951932579999170e-01 6.545463893379643849e-01
1.000000000000000000e+00 7.876937657902487455e-01
7.004889372025152605e-01 3.973479888186738362e-01
7.205643163714001709e-01 6.471687387316892304e-01
7.483316264085941860e-01 8.090436899917405889e-01
7.861748436081434921e-01 9.505988487341828774e-01
5.480351113751713577e-01 2.824058051919221546e-01
3.511958099048144155e-01 6.183336869401382385e-01
2.359062436085627990e-01 8.368064961267766000e-01
1.420733217098525403e-01 1.000000000000000000e+00
3.503527358543973014e-01 1.767053136541071878e-01
1.368319858063156147e-01 4.809484757465365967e-01
1.547424964408093684e-01 5.046720603550354234e-01
2.130456512303867955e-01 4.643551719744664630e-01
1.688520259223826592e-01 8.878196692977050053e-02
0.000000000000000000e+00 3.268692592311636114e-01
3.488731151633815697e-02 3.643602601926109741e-01
9.305637121333852624e-02 3.443873433297113817e-01
