1.603557115019380030e-01 0.000000000000000000e+00
3.972079454407304033e-01 1.011640465090548890e-01
6.323898645833547771e-01 2.806664051538148019e-01
8.049570289468608308e-01 4.028756355516663890e-01
1.000000000000000000e+00 4.458719944881137653e-01
5.666470017729291486e-01 2.745717727050989709e-01
6.543138187576317266e-01 5.609998843308540151e-01
7.193636056011657454e-01 7.392201385012295844e-01
7.819643753118755702e-01 8.847935305743727108e-01
3.949711066770722478e-01 2.487484472674421632e-01
4.148395131892064769e-01 6.294790362245590298e-01
4.173468729387038723e-01 8.454892804876208423e-01
4.172953083613206160e-01 1.000000000000000000e+00
1.952953028702508198e-01 2.241639132380822963e-01
1.755447827629827706e-01 5.736928129227581996e-01
1.972465202061073064e-01 5.923600529060615294e-01
2.245899886815323765e-01 5.416936980431797943e-01
8.425875019132946300e-03 2.052444013618784646e-01
0.000000000000000000e+00 4.789094914077940968e-01
4.201723715450016855e-02 4.726265194148147053e-01
7.963252388100576507e-02 4.052556539581478878e-01
