6.711637851515928066e-02 0.000000000000000000e+00
3.403716541796424355e-01 3.621694140370274734e-02
6.131498897231928424e-01 1.534523875957187478e-01
8.051263571206326297e-01 2.398906022974558461e-01
1.000000000000000000e+00 2.480050661834674597e-01
5.644658114362969270e-01 1.982179386133798293e-01
7.288990629913237873e-01 4.641012384501681520e-01
8.421577151086109270e-01 6.240034107040375311e-01
9.384069269254385892e-01 7.507820736126674666e-01
3.948516322619549102e-01 2.117930273036687516e-01
5.144035311982861902e-01 6.003342673952745123e-01
5.742623431549905844e-01 8.362801536995716489e-01
6.005334520082493688e-01 1.000000000000000000e+00
1.898755634305035744e-01 2.267754429793497339e-01
2.638891470274824513e-01 5.704870966176095459e-01
2.801927503669010000e-01 5.795212981980137901e-01
2.825959346269174555e-01 5.133800771838837873e-01
0.000000000000000000e+00 2.380924049494428651e-01
5.270467292807639453e-02 5.074101346184644035e-01
8.508841763107245770e-02 4.921470645805237076e-01
9.666610564545662088e-02 4.065189768226827316e-01
