0.000000000000000000e+00 3.257301933734718657e-01
1.990793646471531453e-01 2.042128009101047137e-01
4.292549395767470966e-01 1.628834583556029170e-01
5.902942871820591186e-01 1.079090180628624329e-01
7.029929081698453874e-01 0.000000000000000000e+00
5.155280210797674734e-01 2.596827420655794527e-01
7.424072350513992724e-01 4.386279051396556605e-01
8.855033405362373600e-01 5.267122652513475112e-01
1.000000000000000000e+00 5.919951313836852025e-01
4.432966596440042206e-01 3.545572209046147227e-01
6.596054132081606847e-01 6.570802463052755060e-01
7.827443988079207937e-01 8.500056405989973030e-01
8.767532556859056747e-01 1.000000000000000000e+00
3.342134915777134063e-01 4.669089702432643874e-01
4.642037170126130374e-01 7.754839488631485311e-01
3.938386283641728269e-01 7.284879839389557521e-01
3.308658261422576796e-01 6.379726181282775466e-01
2.121531874451570709e-01 5.741069029571269633e-01
3.036156814420665206e-01 8.093235798966409433e-01
2.667371604349267900e-01 7.741082767798335151e-01
2.307394413920855203e-01 7.030010628632208380e-01
