1.453770995140075684e-01 3.957164287567138672e-01
1.715618968009948730e-01 3.090273737907409668e-01
1.567148566246032715e-01 2.408444285392761230e-01
1.223632693290710449e-01 2.107808589935302734e-01
8.454799652099609375e-02 2.069158554077148438e-01
1.535775065422058105e-01 2.048145532608032227e-01
1.497936248779296875e-01 1.107116341590881348e-01
1.467583775520324707e-01 5.820202827453613281e-02
1.439253091812133789e-01 1.727968454360961914e-02
1.117250323295593262e-01 2.126002907752990723e-01
8.958137035369873047e-02 1.062715649604797363e-01
7.484376430511474609e-02 4.544764757156372070e-02
6.179672479629516602e-02 0.000000000000000000e+00
7.406884431838989258e-02 2.361484766006469727e-01
3.276491165161132812e-02 1.507749557495117188e-01
1.426190137863159180e-02 9.909546375274658203e-02
0.000000000000000000e+00 6.015121936798095703e-02
4.780197143554687500e-02 2.707721590995788574e-01
3.759586811065673828e-02 2.081645131111145020e-01
5.095165967941284180e-02 2.130762338638305664e-01
6.630522012710571289e-02 2.303768992424011230e-01
