0.000000000000000000e+00 2.641944289207458496e-01
7.158210873603820801e-02 1.754558384418487549e-01
1.647866368293762207e-01 1.130767464637756348e-01
2.262497544288635254e-01 5.928206443786621094e-02
2.623166739940643311e-01 0.000000000000000000e+00
2.459914088249206543e-01 1.657623052597045898e-01
3.627887666225433350e-01 1.976404190063476562e-01
4.347249567508697510e-01 2.141062617301940918e-01
4.895845353603363037e-01 2.277253270149230957e-01
2.311953902244567871e-01 2.281132340431213379e-01
3.479253351688385010e-01 3.152051568031311035e-01
4.129659831523895264e-01 3.715712428092956543e-01
4.605105817317962646e-01 4.133706688880920410e-01
1.954657137393951416e-01 2.997515201568603516e-01
2.638820707798004150e-01 4.027333259582519531e-01
2.270107865333557129e-01 3.937815427780151367e-01
1.911798715591430664e-01 3.643543124198913574e-01
1.486944854259490967e-01 3.711358308792114258e-01
2.014807462692260742e-01 4.540405869483947754e-01
1.765308976173400879e-01 4.385583400726318359e-01
1.489234864711761475e-01 4.077981710433959961e-01
