0.000000000000000000e+00 9.283436984334711983e-01
7.648557484891153890e-02 6.411821869303173660e-01
2.241822754901834081e-01 3.846734339913753797e-01
3.235487977806473792e-01 1.762634316386212374e-01
3.598930216645782609e-01 0.000000000000000000e+00
4.388504003934472486e-01 3.994201608088779332e-01
6.913850107480786766e-01 3.042733964326698737e-01
8.450007893640902878e-01 2.502858916377996290e-01
9.662847580347205811e-01 2.212060372418039045e-01
4.725087967751121498e-01 5.614999794600828986e-01
7.427857348787036962e-01 5.677207734319107413e-01
8.959622234568942467e-01 5.979846073328037859e-01
1.000000000000000000e+00 6.354522169506066076e-01
4.668927057610377518e-01 7.643540676238089748e-01
6.325717488376420006e-01 8.231458456817358771e-01
5.548997119160564706e-01 8.453860410723650354e-01
4.597011709779673105e-01 8.520114980855196807e-01
4.373237175028404367e-01 9.735281815664648120e-01
5.529182011947741948e-01 9.981768822966721189e-01
4.886487106837389960e-01 1.000000000000000000e+00
4.142872342283428488e-01 9.996834985507354610e-01
