1.761189103126525879e-01 5.209335386753082275e-01
2.111337780952453613e-01 4.225138127803802490e-01
2.177905440330505371e-01 3.248811066150665283e-01
2.221851348876953125e-01 2.574662864208221436e-01
2.439892292022705078e-01 2.133044898509979248e-01
1.672002077102661133e-01 2.514618337154388428e-01
1.522865295410156250e-01 1.368659436702728271e-01
1.414938569068908691e-01 5.826959013938903809e-02
1.363711953163146973e-01 0.000000000000000000e+00
1.205422282218933105e-01 2.680320441722869873e-01
6.720757484436035156e-02 1.500869095325469971e-01
3.137624263763427734e-02 7.172825932502746582e-02
4.979789257049560547e-03 1.661229133605957031e-02
7.760119438171386719e-02 3.069393932819366455e-01
2.257847785949707031e-02 2.386827170848846436e-01
3.848266601562500000e-02 2.704525887966156006e-01
5.892831087112426758e-02 3.031161725521087646e-01
4.023081064224243164e-02 3.630414903163909912e-01
0.000000000000000000e+00 3.118225634098052979e-01
1.468741893768310547e-02 3.348661363124847412e-01
3.421819210052490234e-02 3.618410527706146240e-01
