1.000000000000000000e+00 1.000000000000000000e+00
9.337239344708778699e-01 7.813787432848708914e-01
7.736900459378645012e-01 5.959608797499234001e-01
5.609961413006842035e-01 5.061163689534273757e-01
3.459631690859614750e-01 4.671416094832640531e-01
7.893389330938598292e-01 4.782661461574981288e-01
6.054160677851960770e-01 2.735024516301965414e-01
5.104319703959748766e-01 1.480391407955481409e-01
4.469529622148276649e-01 4.223420296620467029e-02
6.811544323213407637e-01 4.896681661476446346e-01
3.314667088523121641e-01 2.543796345641484158e-01
1.410218930627760991e-01 1.099376235901192711e-01
5.111904312657963335e-03 0.000000000000000000e+00
5.558542576280534053e-01 5.417628814880464105e-01
4.573935707314726734e-02 4.504861602060615255e-01
4.465468011684159411e-02 5.783267732160394248e-01
1.450994247689133265e-01 6.638726218989999817e-01
4.215599361930819633e-01 6.235542841518743051e-01
0.000000000000000000e+00 5.746903442077209156e-01
4.886635675573867965e-03 6.763539958463506974e-01
1.003238109626897606e-01 7.473816020916723701e-01
