1.000000000000000000e+00 1.000000000000000000e+00
4.519180626877741802e-01 8.759360994377062282e-01
2.754205948664859016e-01 7.049645279361512751e-01
1.989407669024375602e-01 5.699791181459787914e-01
1.349361405605546960e-01 4.720151821282641547e-01
6.165147639994009721e-01 4.895905799916876466e-01
4.105650470612453584e-01 2.959065918961694686e-01
3.088167373137688521e-01 1.710686750496335784e-01
2.180149584586622280e-01 5.765810116192544854e-02
6.884496108535270720e-01 4.865201107072271713e-01
3.318169368580783929e-01 2.610359158018119019e-01
1.424009914792125076e-01 1.149934420671164526e-01
1.494408024977757384e-02 0.000000000000000000e+00
6.817461144093786007e-01 5.269911708082400947e-01
7.334849028422614492e-02 4.206930874784745034e-01
0.000000000000000000e+00 5.611724231891995762e-01
6.837531303732741206e-02 6.625318843402623337e-01
6.152740122118312005e-01 6.045614104760954621e-01
1.159987192692119307e-01 5.305819360542145535e-01
4.306159185859217281e-02 6.409615822323003753e-01
9.702868353008962943e-02 7.334282637208403566e-01
