1.875379979610443115e-01 5.355002582073211670e-01
1.097432672977447510e-01 4.798704087734222412e-01
5.795004963874816895e-02 4.014043509960174561e-01
2.405193448066711426e-02 3.602693974971771240e-01
0.000000000000000000e+00 3.232444822788238525e-01
9.582158923149108887e-02 2.577318251132965088e-01
6.610950827598571777e-02 1.672930419445037842e-01
4.938843846321105957e-02 1.040758788585662842e-01
4.047408699989318848e-02 5.263170599937438965e-02
1.206636726856231689e-01 2.510723769664764404e-01
8.841297030448913574e-02 1.321534216403961182e-01
5.850055813789367676e-02 5.986079573631286621e-02
3.836503624916076660e-02 0.000000000000000000e+00
1.432872116565704346e-01 2.670066654682159424e-01
6.636461615562438965e-02 2.013413012027740479e-01
4.890975356101989746e-02 2.761115729808807373e-01
5.525252223014831543e-02 3.251317441463470459e-01
1.614579856395721436e-01 3.084165751934051514e-01
8.695694804191589355e-02 2.565437257289886475e-01
6.992241740226745605e-02 3.132975995540618896e-01
8.018621802330017090e-02 3.600875437259674072e-01
