1.000000000000000000e+00 1.000000000000000000e+00
6.657292268873881147e-01 9.616125592574578107e-01
3.636532046835460608e-01 8.421192451902954623e-01
1.497159041845845528e-01 7.726324407906770553e-01
0.000000000000000000e+00 7.206936600880822219e-01
4.959183163805208072e-01 5.389419085520069652e-01
3.335510131866529226e-01 3.717297516103404420e-01
2.563248608408232321e-01 2.722973877437629975e-01
2.066473860960969522e-01 1.839026923893276322e-01
6.472383670184208571e-01 5.020604014631165901e-01
5.411718705445984767e-01 2.502404451145632813e-01
4.500822946637250133e-01 1.087190693375863215e-01
4.005732981616365040e-01 0.000000000000000000e+00
8.131481861813797396e-01 5.110961179918500630e-01
6.262026905080774197e-01 3.569630062928314529e-01
5.626642771581398250e-01 4.949438907916168251e-01
5.662629525414433207e-01 6.011714651015347410e-01
9.867694880932723622e-01 5.497704196122530362e-01
7.730774501687702749e-01 4.333336695133473415e-01
6.922049117868546153e-01 5.392475649488326361e-01
6.849981182868843943e-01 6.398131037773950869e-01
