2.752745449542999268e-01 4.953408837318420410e-01
1.925128400325775146e-01 4.882673621177673340e-01
1.074474751949310303e-01 4.350652694702148438e-01
4.780474305152893066e-02 3.996280431747436523e-01
0.000000000000000000e+00 3.891837596893310547e-01
1.323489248752593994e-01 2.776684165000915527e-01
8.294060826301574707e-02 2.005290389060974121e-01
5.858686566352844238e-02 1.533542871475219727e-01
4.011628031730651855e-02 1.081960797309875488e-01
1.702142059803009033e-01 2.488999962806701660e-01
1.400409638881683350e-01 1.292893290519714355e-01
1.190609037876129150e-01 5.903622508049011230e-02
1.055532991886138916e-01 0.000000000000000000e+00
2.147397696971893311e-01 2.441909313201904297e-01
1.711620986461639404e-01 1.684998571872711182e-01
1.708238422870635986e-01 2.421335577964782715e-01
1.799725592136383057e-01 2.991551160812377930e-01
2.650026977062225342e-01 2.536098361015319824e-01
2.225715219974517822e-01 1.914442181587219238e-01
2.138164937496185303e-01 2.468540668487548828e-01
2.173786461353302002e-01 3.016822338104248047e-01
