1.000000000000000000e+00 9.978026204132123267e-01
7.085657820844742938e-01 1.000000000000000000e+00
3.974013885038752969e-01 9.009249386732076648e-01
1.731043096402512804e-01 8.298577553051079692e-01
0.000000000000000000e+00 8.219268340656359362e-01
4.367473780149120355e-01 5.707429607460094978e-01
2.467083129176687040e-01 4.151124538912910333e-01
1.605836339848956407e-01 3.213679911350005858e-01
8.987529651728366764e-02 2.308146161784729589e-01
5.673590091642892741e-01 4.946406871745783196e-01
4.440599877864032097e-01 2.596288206077395633e-01
3.717477206912036536e-01 1.189780341925447682e-01
3.214614581234228052e-01 0.000000000000000000e+00
7.279665793438823140e-01 4.736210977626343355e-01
5.890969610238963039e-01 3.142967992191735283e-01
6.111438330031024879e-01 4.606310581809931470e-01
6.537207996325691273e-01 5.775119768006432563e-01
9.158814605988754298e-01 4.823645726604942618e-01
7.967274925608557323e-01 3.554483207255843547e-01
7.768895017282136939e-01 4.735656191802919968e-01
7.897622644867681174e-01 5.912319182751419877e-01
