1.000000000000000000e+00 9.801873871257872350e-01
7.156053786575730102e-01 1.000000000000000000e+00
4.119463572600090551e-01 9.310588101782559800e-01
1.778586853812945678e-01 8.738028046538612870e-01
0.000000000000000000e+00 8.714988168527681989e-01
4.136899660587609051e-01 5.791819659285429855e-01
2.051936688301959077e-01 4.344580171173159644e-01
1.025630729706674960e-01 3.458253986154463111e-01
1.420178156545225286e-02 2.571804870025908296e-01
5.351284832721032725e-01 4.925051813845290893e-01
3.869087502072632856e-01 2.521869606195365487e-01
3.007271695723483518e-01 1.170849591781369520e-01
2.368419265199142587e-01 0.000000000000000000e+00
6.933735673860451643e-01 4.606460961511498753e-01
5.413859372596494524e-01 2.896372762322210193e-01
5.835020406695553552e-01 4.463690064533009649e-01
6.444148782090852734e-01 5.713737700338079595e-01
8.857624592715119816e-01 4.576787979614916346e-01
7.608141502404254242e-01 3.308785931712027173e-01
7.689133010102463528e-01 4.580267577029765724e-01
8.073731798286356565e-01 5.784582251943944931e-01
