1.280527710914611816e-01 4.060148000717163086e-01
1.662365198135375977e-01 3.298673033714294434e-01
1.615929603576660156e-01 2.606351971626281738e-01
1.323864459991455078e-01 2.202591300010681152e-01
1.009333729743957520e-01 2.031610012054443359e-01
1.444094181060791016e-01 2.091702818870544434e-01
1.491250395774841309e-01 1.125093102455139160e-01
1.497928500175476074e-01 5.728876590728759766e-02
1.490846276283264160e-01 1.639312505722045898e-02
9.916889667510986328e-02 2.162313461303710938e-01
8.114123344421386719e-02 1.086739301681518555e-01
6.765228509902954102e-02 4.535049200057983398e-02
5.417948961257934570e-02 0.000000000000000000e+00
6.122106313705444336e-02 2.412731647491455078e-01
2.677798271179199219e-02 1.562324166297912598e-01
1.116812229156494141e-02 1.043623089790344238e-01
0.000000000000000000e+00 6.804877519607543945e-02
3.675556182861328125e-02 2.745578289031982422e-01
2.608317136764526367e-02 2.125609517097473145e-01
3.003180027008056641e-02 1.914817690849304199e-01
3.640627861022949219e-02 1.810628771781921387e-01
