1.000000000000000000e+00 9.653977588335183047e-01
7.459366858769788111e-01 1.000000000000000000e+00
4.617279020357124009e-01 9.624623719163556412e-01
2.335950952897057620e-01 9.398353552837094282e-01
6.966231028286568039e-02 9.524141367485332577e-01
4.279836590855783385e-01 6.011360750552415810e-01
2.170556125895979349e-01 4.594340601056406403e-01
1.010256715935344274e-01 3.731336067621250363e-01
0.000000000000000000e+00 2.854641033085680846e-01
5.408060580302875842e-01 5.061973755930622154e-01
3.763883862654972545e-01 2.655306089400765734e-01
2.805428369538519040e-01 1.257034674371678151e-01
2.110904443445041634e-01 0.000000000000000000e+00
6.891170004526839810e-01 4.680889417297234845e-01
5.657902288536317270e-01 3.223125925837357353e-01
6.328297216113335510e-01 4.889212732503931957e-01
7.047234336958189127e-01 6.141070905462762131e-01
8.650243200005315325e-01 4.614453966827242737e-01
7.687639180031117236e-01 3.509044776282344014e-01
8.023553593412257046e-01 4.855642802427639904e-01
8.546356558132616188e-01 6.026120862665325095e-01
