3.482945561408996582e-01 4.115984737873077393e-01
2.683278322219848633e-01 4.403642714023590088e-01
1.779462099075317383e-01 4.388810694217681885e-01
1.065425276756286621e-01 4.405576884746551514e-01
5.243676900863647461e-02 4.527551829814910889e-01
1.575310230255126953e-01 2.725374996662139893e-01
8.380073308944702148e-02 2.129490077495574951e-01
3.930491209030151367e-02 1.783454120159149170e-01
0.000000000000000000e+00 1.418526768684387207e-01
1.925595402717590332e-01 2.242735326290130615e-01
1.330121159553527832e-01 1.180011034011840820e-01
9.638452529907226562e-02 5.615252256393432617e-02
6.874388456344604492e-02 0.000000000000000000e+00
2.394277453422546387e-01 2.017930448055267334e-01
2.072647809982299805e-01 1.435498297214508057e-01
2.349830269813537598e-01 2.187046110630035400e-01
2.599172592163085938e-01 2.743699252605438232e-01
2.955163121223449707e-01 1.933899223804473877e-01
2.731806039810180664e-01 1.485550403594970703e-01
2.883981466293334961e-01 2.115634977817535400e-01
3.050148487091064453e-01 2.651476562023162842e-01
