3.560289740562438965e-01 3.684500157833099365e-01
2.809821367263793945e-01 4.059054553508758545e-01
1.938878297805786133e-01 4.151194989681243896e-01
1.274460554122924805e-01 4.278658330440521240e-01
7.633733749389648438e-02 4.490552842617034912e-01
1.624811887741088867e-01 2.561238706111907959e-01
8.664894104003906250e-02 2.045798599720001221e-01
4.103362560272216797e-02 1.748902499675750732e-01
0.000000000000000000e+00 1.437568962574005127e-01
1.959400177001953125e-01 2.039535939693450928e-01
1.324253082275390625e-01 1.088068485260009766e-01
9.302687644958496094e-02 5.207410454750061035e-02
6.101107597351074219e-02 0.000000000000000000e+00
2.425944209098815918e-01 1.772404611110687256e-01
2.147720456123352051e-01 1.344664990901947021e-01
2.465587258338928223e-01 2.062997519969940186e-01
2.727456688880920410e-01 2.590459883213043213e-01
2.977313995361328125e-01 1.647195816040039062e-01
2.806508541107177734e-01 1.332714855670928955e-01
2.987590432167053223e-01 1.953258812427520752e-01
3.158436417579650879e-01 2.475046217441558838e-01
