1.000000000000000000e+00 7.190990136181639736e-01
8.107859455001661386e-01 8.177359245623995188e-01
5.758183071763289806e-01 8.703461138987853563e-01
4.027470280178493955e-01 9.363186626328072748e-01
2.725083512656695794e-01 1.000000000000000000e+00
4.747597289532245468e-01 5.217674978311760414e-01
2.515234277834630938e-01 4.323669841009473713e-01
1.205295061359474146e-01 3.902706593295487969e-01
0.000000000000000000e+00 3.422848904911829360e-01
5.685291255085466178e-01 3.857757672899634338e-01
3.958808769788868531e-01 2.142990368088486530e-01
2.895068704915268465e-01 1.077234171473902408e-01
1.932866007468977965e-01 0.000000000000000000e+00
7.007901357404121567e-01 3.055035454173298248e-01
6.571852603708445706e-01 2.538709000036058483e-01
7.576945999322216574e-01 4.375561826153294698e-01
8.278692711819983785e-01 5.647121208800298664e-01
8.539005126783981714e-01 2.681518367658610735e-01
8.496154494658695322e-01 2.515430643237476227e-01
9.064970426252606517e-01 4.158349954502422174e-01
9.465373757744014460e-01 5.407875358554146139e-01
