1.000000000000000000e+00 6.136064171428018410e-01
8.132818783815953800e-01 7.319817807902366802e-01
5.819730063994117408e-01 8.180293402772940148e-01
4.150239678606694738e-01 9.152132106153171298e-01
2.755346107740569428e-01 1.000000000000000000e+00
4.891598782379150134e-01 4.667686603235878251e-01
2.599808567013518479e-01 4.121839695015581673e-01
1.277787012138175415e-01 4.005052914809672515e-01
0.000000000000000000e+00 3.724816764636414979e-01
5.826016080934316443e-01 2.969470907631543977e-01
4.151616615650738362e-01 1.718802373303012776e-01
3.168937849780746330e-01 9.431960128719185654e-02
2.215710041709571254e-01 0.000000000000000000e+00
7.195441598852810872e-01 1.845627617487071437e-01
6.874877625160408234e-01 2.013805694871671770e-01
7.968697396426865920e-01 4.162621313472653073e-01
8.709049328857642047e-01 5.584613294174937126e-01
8.757323121695879120e-01 1.252443643560033071e-01
8.890981097577295156e-01 1.769804392141461902e-01
9.524287619962558127e-01 3.686241329951829293e-01
9.974454472333778021e-01 4.999669728060805451e-01
