3.134760856628417969e-01 1.519174575805664062e-01
2.478806972503662109e-01 1.926306486129760742e-01
1.733022928237915039e-01 2.286700606346130371e-01
1.185389757156372070e-01 2.709025740623474121e-01
6.902039051055908203e-02 3.005913496017456055e-01
1.524462103843688965e-01 1.238949298858642578e-01
8.123862743377685547e-02 1.251086592674255371e-01
3.956854343414306641e-02 1.330194473266601562e-01
0.000000000000000000e+00 1.361415386199951172e-01
1.841588616371154785e-01 5.867981910705566406e-02
1.407164335250854492e-01 3.742316365242004395e-02
1.151828169822692871e-01 4.002976417541503906e-02
8.755642175674438477e-02 3.486686944961547852e-02
2.316086292266845703e-01 1.679134368896484375e-02
2.286177277565002441e-01 5.141681432723999023e-02
2.639179229736328125e-01 1.264616847038269043e-01
2.865554690361022949e-01 1.688847541809082031e-01
2.862282395362854004e-01 0.000000000000000000e+00
2.994328141212463379e-01 4.750379920005798340e-02
3.205621242523193359e-01 1.151542663574218750e-01
3.346530795097351074e-01 1.514901518821716309e-01
