1.000000000000000000e+00 5.030000638646595634e-01
7.405853220426426020e-01 6.764152394251722322e-01
5.064955461836871953e-01 7.621889139542562530e-01
3.392532149713546330e-01 8.749744756152987302e-01
1.711409246417524288e-01 1.000000000000000000e+00
4.966525292367766631e-01 2.886748484073499710e-01
2.628897011280410534e-01 3.831848074280040373e-01
1.254210076230167781e-01 4.918412181367614600e-01
0.000000000000000000e+00 5.804338157358511774e-01
6.106460533894623177e-01 1.024492240157467982e-01
4.598917649634305382e-01 1.845042856623266281e-01
3.727856821843247292e-01 3.113768733752816376e-01
2.936853625278302293e-01 3.772562768507219388e-01
7.678793979954217086e-01 6.822063034705430976e-03
7.253704858169032210e-01 3.206381081855878556e-01
8.062658092340099225e-01 6.153654934375482055e-01
8.722201196229439901e-01 7.524433960075709305e-01
9.370736108419724930e-01 0.000000000000000000e+00
9.186802149726025490e-01 3.511327671812401463e-01
9.544148553363167586e-01 6.349994372463849679e-01
9.945641816795522949e-01 7.688500265911822895e-01
