9.966635485798783778e-01 6.213859940366889267e-01
7.311660967010986667e-01 8.513017372414751760e-01
4.942841440666972397e-01 8.995349409770873050e-01
3.272431468308423796e-01 9.438395332359611478e-01
1.549898566702603009e-01 1.000000000000000000e+00
4.876550373486677747e-01 2.046574527415206401e-01
2.786715841519389336e-01 3.610346546263769052e-01
1.310586945651044943e-01 5.140800006225784147e-01
0.000000000000000000e+00 6.648451530676314780e-01
6.141947851938800440e-01 4.670717907230859806e-02
4.517143132749557588e-01 2.843825136109443541e-01
3.506023722345151250e-01 4.867385485361800934e-01
2.753042721731266407e-01 6.217988059935909417e-01
7.811988236768119265e-01 0.000000000000000000e+00
7.132322314327540491e-01 5.700777480205719838e-01
7.919373741323471050e-01 8.696861957025815437e-01
8.747774621089625668e-01 9.788188908694273049e-01
9.565760524282085342e-01 6.565797167480322272e-02
9.084596367915515058e-01 5.948422205816651376e-01
9.455009925273097915e-01 8.556764120238291582e-01
1.000000000000000000e+00 9.250263446191004935e-01
