4.186536669731140137e-01 6.139519810676574707e-02
3.393158316612243652e-01 4.254096746444702148e-02
2.588028907775878906e-01 4.920709133148193359e-02
2.028869986534118652e-01 8.719548583030700684e-02
1.732282042503356934e-01 1.190354526042938232e-01
2.042480707168579102e-01 0.000000000000000000e+00
1.105015277862548828e-01 4.692202806472778320e-02
5.102246999740600586e-02 6.894257664680480957e-02
0.000000000000000000e+00 8.810231089591979980e-02
2.437689900398254395e-01 2.237558364868164062e-03
1.633566617965698242e-01 8.395823836326599121e-02
1.092559695243835449e-01 1.332662403583526611e-01
6.677031517028808594e-02 1.689787209033966064e-01
2.918083667755126953e-01 3.214332461357116699e-02
2.283676862716674805e-01 1.695238649845123291e-01
2.616329193115234375e-01 1.994598805904388428e-01
2.922696471214294434e-01 1.863527595996856689e-01
3.389973044395446777e-01 7.037517428398132324e-02
2.856045365333557129e-01 1.888811290264129639e-01
2.996844649314880371e-01 2.209236919879913330e-01
3.204795718193054199e-01 2.138565480709075928e-01
