4.526689052581787109e-01 9.008949995040893555e-02
3.696069717407226562e-01 4.408371448516845703e-02
2.801340818405151367e-01 4.773405194282531738e-02
2.158377170562744141e-01 1.037260890007019043e-01
1.827383637428283691e-01 1.559574007987976074e-01
2.298859357833862305e-01 0.000000000000000000e+00
1.219051480293273926e-01 2.929863333702087402e-02
5.477631092071533203e-02 4.293692111968994141e-02
0.000000000000000000e+00 5.327114462852478027e-02
2.570528388023376465e-01 2.643400430679321289e-02
1.479634642601013184e-01 9.848594665527343750e-02
7.863223552703857422e-02 1.476091146469116211e-01
2.476924657821655273e-02 1.825361847877502441e-01
2.923458814620971680e-01 7.488822937011718750e-02
2.015144824981689453e-01 1.973328590393066406e-01
2.362941503524780273e-01 2.210098505020141602e-01
2.695283889770507812e-01 2.074432373046875000e-01
3.303813934326171875e-01 1.291089653968811035e-01
2.640339732170104980e-01 2.349655628204345703e-01
2.872514724731445312e-01 2.484765052795410156e-01
3.126512169837951660e-01 2.265109419822692871e-01
