6.659433772262129958e-01 1.000000000000000000e+00
9.503752656247644870e-01 8.376227876080403201e-01
1.000000000000000000e+00 6.619435357701607403e-01
8.671817948904139151e-01 5.479744562138165742e-01
7.204695821111054554e-01 4.912349524704411885e-01
8.120989939483451714e-01 5.188401598541354520e-01
8.574470154805633459e-01 2.791227841106481700e-01
8.665827262725669389e-01 1.316833705999892745e-01
8.700247162901451059e-01 2.172769421601292508e-02
5.274208332020337009e-01 5.320173132567481700e-01
4.230821926253933718e-01 2.797657213604389237e-01
3.439359458981782192e-01 1.156912537218081072e-01
2.702227617303047391e-01 0.000000000000000000e+00
3.028427158873408520e-01 5.886406744370947797e-01
1.435521172571494197e-01 3.777011525072804243e-01
6.023670917119593182e-02 2.498805057695311915e-01
0.000000000000000000e+00 1.608909664693360386e-01
1.675823385391905229e-01 6.675948842479790812e-01
8.323697085697297215e-02 5.170360884233989873e-01
5.158806274430285249e-02 4.385581068383342385e-01
3.690728514022110357e-02 3.851505977043118145e-01
