4.551556706428527832e-01 1.736091375350952148e-01
3.794713020324707031e-01 9.212654829025268555e-02
2.917029857635498047e-01 6.614482402801513672e-02
2.242806553840637207e-01 1.053586006164550781e-01
1.914923787117004395e-01 1.621514558792114258e-01
2.490131258964538574e-01 2.333745360374450684e-02
1.331073641777038574e-01 1.504653692245483398e-02
6.604146957397460938e-02 6.255090236663818359e-03
1.126629114151000977e-02 0.000000000000000000e+00
2.672212123870849609e-01 7.372254133224487305e-02
1.400000452995300293e-01 1.110265851020812988e-01
6.195467710494995117e-02 1.410595774650573730e-01
0.000000000000000000e+00 1.676579713821411133e-01
2.893138527870178223e-01 1.438182592391967773e-01
1.695367097854614258e-01 2.252055406570434570e-01
2.090585231781005859e-01 2.393042445182800293e-01
2.485650181770324707e-01 2.298094034194946289e-01
3.137479424476623535e-01 2.161533236503601074e-01
2.222412824630737305e-01 2.826473116874694824e-01
2.500053644180297852e-01 2.884343862533569336e-01
2.829172015190124512e-01 2.725992798805236816e-01
