4.755054712295532227e-01 2.966125607490539551e-01
4.136391878128051758e-01 1.983507871627807617e-01
3.297249674797058105e-01 1.202679872512817383e-01
2.552170753479003906e-01 7.436177134513854980e-02
2.057151198387145996e-01 2.798169851303100586e-02
2.855197191238403320e-01 1.049956679344177246e-01
1.770989894866943359e-01 5.937445163726806641e-02
1.114515066146850586e-01 2.546381950378417969e-02
6.087768077850341797e-02 0.000000000000000000e+00
2.891867160797119141e-01 1.726552248001098633e-01
1.517959833145141602e-01 1.669553518295288086e-01
6.541383266448974609e-02 1.678460836410522461e-01
0.000000000000000000e+00 1.769516468048095703e-01
2.944638729095458984e-01 2.560120820999145508e-01
1.653321385383605957e-01 2.814283370971679688e-01
1.975005865097045898e-01 2.874229550361633301e-01
2.370586991310119629e-01 2.881909608840942383e-01
3.038790822029113770e-01 3.397626876831054688e-01
1.972068548202514648e-01 3.525298237800598145e-01
2.236628532409667969e-01 3.535411953926086426e-01
2.609258890151977539e-01 3.500547409057617188e-01
