4.803716242313385010e-01 3.828812837600708008e-01
4.335116446018218994e-01 2.623031139373779297e-01
3.602573573589324951e-01 1.735185980796813965e-01
3.021878302097320557e-01 1.056877374649047852e-01
2.713353335857391357e-01 4.295170307159423828e-02
2.883114516735076904e-01 1.485618948936462402e-01
1.912202537059783936e-01 8.167544007301330566e-02
1.321879327297210693e-01 3.618258237838745117e-02
8.682933449745178223e-02 0.000000000000000000e+00
2.728109657764434814e-01 2.195744514465332031e-01
1.429708302021026611e-01 1.958163976669311523e-01
6.107518076896667480e-02 1.875996589660644531e-01
0.000000000000000000e+00 1.819745302200317383e-01
2.661850750446319580e-01 3.057882189750671387e-01
1.570804417133331299e-01 3.042423129081726074e-01
1.915774643421173096e-01 3.178337216377258301e-01
2.303521931171417236e-01 3.254605531692504883e-01
2.717365324497222900e-01 3.950300812721252441e-01
1.809359490871429443e-01 3.727107644081115723e-01
2.099226415157318115e-01 3.825867772102355957e-01
2.472737133502960205e-01 3.891110420227050781e-01
