1.000000000000000000e+00 1.000000000000000000e+00
9.379778978227042430e-01 6.877769966392256462e-01
8.130335746037461453e-01 4.557653479181415501e-01
6.898484021352666584e-01 2.881707231937064573e-01
6.354399525589335962e-01 1.338574839678735584e-01
6.324047501780871716e-01 4.061468847115853320e-01
4.328064342731346992e-01 2.196545170836637639e-01
3.135122248153833779e-01 9.924967521240726787e-02
2.246047144821392005e-01 0.000000000000000000e+00
5.634327987141084515e-01 5.616051979104513814e-01
2.827715757667432217e-01 4.715002296147380867e-01
1.172989394325600482e-01 4.173984159310086817e-01
0.000000000000000000e+00 3.817700896533744448e-01
5.208415659948465448e-01 7.415217075919031675e-01
2.988895786150914113e-01 6.839424032427491307e-01
3.751917610402280556e-01 6.954870886705579736e-01
4.586331330626652325e-01 7.126078398434474437e-01
5.114216565536870984e-01 9.279765105759130162e-01
3.383753423696770901e-01 8.301809484124950123e-01
4.023786481703733320e-01 8.454589185963939935e-01
4.846146276970199063e-01 8.655791145488479499e-01
