1.000000000000000000e+00 1.000000000000000000e+00
9.714089854613899844e-01 6.977197255237989060e-01
8.540854101349137917e-01 4.768024826148439810e-01
7.447712496217779865e-01 3.064285504527052284e-01
7.065628251605986510e-01 1.702754479123368414e-01
6.473013489797260211e-01 4.174564705584618007e-01
4.603685914176241512e-01 2.183764686389142451e-01
3.530420640824317724e-01 9.788916618339749132e-02
2.725099226879323933e-01 0.000000000000000000e+00
5.545113240029132529e-01 5.458043680211971393e-01
2.841424967934282897e-01 4.221683151935293199e-01
1.181462781572036186e-01 3.488894677242641573e-01
0.000000000000000000e+00 3.040697034513895058e-01
4.961241218893751581e-01 6.993896602758943315e-01
3.079124240048760064e-01 6.191674941333230597e-01
3.882805649151458982e-01 6.312450056547865840e-01
4.708519765878441121e-01 6.588518718095579541e-01
4.782018328272590324e-01 8.617707300989593255e-01
3.362561864078242868e-01 7.618391796369429203e-01
4.008800173774649811e-01 7.788012711988839820e-01
4.808059497531496085e-01 8.054158936150452863e-01
