9.698871083294327011e-01 1.000000000000000000e+00
1.000000000000000000e+00 7.350546267488019536e-01
8.996785437594986279e-01 5.008526974004341437e-01
8.124142295540544012e-01 3.285429719396389947e-01
8.098849530255954887e-01 1.918262425293125739e-01
6.352355848600895749e-01 4.158827817127518367e-01
4.719780354390260002e-01 2.047651368577136921e-01
3.705242814744384439e-01 8.482142759334922177e-02
2.972149490469840338e-01 0.000000000000000000e+00
4.943217589294184311e-01 5.199219426953168854e-01
2.571537732203650894e-01 3.811073191539892102e-01
1.074753248620632234e-01 2.972474218063119178e-01
0.000000000000000000e+00 2.527476596282616228e-01
4.016954395404074285e-01 6.503223139210300152e-01
2.729900665984306696e-01 5.643278249052052775e-01
3.612557117650511129e-01 5.813358736062330667e-01
4.453383578981238711e-01 6.225672545356513155e-01
3.519877526233230469e-01 7.912813881703353314e-01
2.795606904634903023e-01 7.038182308544567167e-01
3.404916794510630673e-01 7.085389582149792531e-01
4.140655403168891913e-01 7.335695267156975286e-01
