8.915010428625915750e-01 1.000000000000000000e+00
1.000000000000000000e+00 7.721508942368614514e-01
9.612077582728236758e-01 5.384432980852269512e-01
9.187646637468035449e-01 3.636436728011057662e-01
9.320899254190450067e-01 2.386310742343103475e-01
6.272368713665896767e-01 4.239332516430412978e-01
4.951544582792652971e-01 2.157915454729847082e-01
4.146303362347666943e-01 9.449155111881546443e-02
3.489062097671194462e-01 0.000000000000000000e+00
4.611028840157415098e-01 5.028657818743740293e-01
2.473617761679701155e-01 3.363762967114081182e-01
1.064692233986666292e-01 2.392732352074006252e-01
0.000000000000000000e+00 1.825590878010325546e-01
3.458200104997122271e-01 6.152282693019452964e-01
2.523092082757110166e-01 5.257977872525505525e-01
3.824531589442646262e-01 5.735667431293376417e-01
4.901670072081524832e-01 6.375631758007147543e-01
2.707853317861674269e-01 7.410942247333390798e-01
2.192951431897816883e-01 6.551338375548115822e-01
3.162161578670875661e-01 6.940909062394794438e-01
4.072073450945790096e-01 7.490304853950722208e-01
