1.870838999748229980e-01 5.839364230632781982e-01
2.495616078376770020e-01 4.691624343395233154e-01
2.753928303718566895e-01 3.502610623836517334e-01
2.877563834190368652e-01 2.564544379711151123e-01
3.054155707359313965e-01 1.870869100093841553e-01
1.669753193855285645e-01 2.659688591957092285e-01
1.465358734130859375e-01 1.289090216159820557e-01
1.334898471832275391e-01 5.552268028259277344e-02
1.222105026245117188e-01 0.000000000000000000e+00
1.018360257148742676e-01 2.909229993820190430e-01
5.384898185729980469e-02 1.723652482032775879e-01
2.393245697021484375e-02 1.013746261596679688e-01
0.000000000000000000e+00 5.937343835830688477e-02
5.480724573135375977e-02 3.349483907222747803e-01
4.768317937850952148e-02 2.841035723686218262e-01
8.183550834655761719e-02 3.117035925388336182e-01
1.048980951309204102e-01 3.510845601558685303e-01
1.970800757408142090e-02 3.859084546566009521e-01
2.384990453720092773e-02 3.484483659267425537e-01
4.867506027221679688e-02 3.673369586467742920e-01
6.900918483734130859e-02 3.988269269466400146e-01
