1.491509675979614258e-01 5.551963150501251221e-01
2.187579274177551270e-01 4.580669701099395752e-01
2.480182647705078125e-01 3.476778566837310791e-01
2.722594141960144043e-01 2.570403516292572021e-01
3.024739623069763184e-01 1.945523023605346680e-01
1.435779333114624023e-01 2.529074251651763916e-01
1.383651494979858398e-01 1.230580806732177734e-01
1.316661238670349121e-01 5.236059427261352539e-02
1.265136599540710449e-01 0.000000000000000000e+00
7.881957292556762695e-02 2.726035118103027344e-01
4.739063978195190430e-02 1.570753753185272217e-01
2.636045217514038086e-02 8.630964159965515137e-02
8.868306875228881836e-03 4.470804333686828613e-02
3.252583742141723633e-02 3.146202862262725830e-01
4.136425256729125977e-02 2.696461081504821777e-01
6.781393289566040039e-02 2.943475842475891113e-01
8.389729261398315430e-02 3.325041830539703369e-01
0.000000000000000000e+00 3.644783198833465576e-01
2.065432071685791016e-02 3.422631919384002686e-01
4.125702381134033203e-02 3.612911999225616455e-01
5.474257469177246094e-02 3.894651830196380615e-01
