4.354917697613802097e-01 1.000000000000000000e+00
6.767562704733440793e-01 8.308528187132313558e-01
7.956202937304009959e-01 6.415421537380853190e-01
8.867099723246476550e-01 4.854306179729663273e-01
1.000000000000000000e+00 3.778972497559195398e-01
4.660400713179002063e-01 4.548305364430668130e-01
4.830201097549566280e-01 2.193589746059961543e-01
4.817047574477106853e-01 9.571059693263708756e-02
4.801329341633271408e-01 0.000000000000000000e+00
2.619047830750494965e-01 4.852147096233632162e-01
1.965349150756031116e-01 2.825206997038003931e-01
1.427587998146216675e-01 1.554025394279089367e-01
9.102832710087123413e-02 8.006643503220320368e-02
1.132492254744441457e-01 5.595963471742403383e-01
1.482110803563286838e-01 4.757023008111977425e-01
2.368496630558200866e-01 5.312259790262819914e-01
2.815665041790641476e-01 6.046213855513714597e-01
0.000000000000000000e+00 6.440501477695022015e-01
5.373748654293028504e-02 5.977340082900658436e-01
1.249967027277111009e-01 6.407410577912664440e-01
1.691154408865518100e-01 6.982647233447186741e-01
