1.084224581718444824e-01 4.147846102714538574e-01
1.607736349105834961e-01 3.455718159675598145e-01
1.690115928649902344e-01 2.702341079711914062e-01
1.424511671066284180e-01 2.212904095649719238e-01
1.163108944892883301e-01 1.965745687484741211e-01
1.271665692329406738e-01 2.075859308242797852e-01
1.398321986198425293e-01 1.110873222351074219e-01
1.440020203590393066e-01 5.052757263183593750e-02
1.448721885681152344e-01 5.662441253662109375e-03
7.735544443130493164e-02 2.130995988845825195e-01
6.309700012207031250e-02 1.110472679138183594e-01
5.120408535003662109e-02 4.549902677536010742e-02
3.844076395034790039e-02 0.000000000000000000e+00
3.998053073883056641e-02 2.360002398490905762e-01
2.017998695373535156e-02 1.511590480804443359e-01
1.126724481582641602e-02 1.002555489540100098e-01
2.918720245361328125e-03 6.527990102767944336e-02
1.857060194015502930e-02 2.659591436386108398e-01
7.168889045715332031e-03 2.007785439491271973e-01
2.844214439392089844e-03 1.677799820899963379e-01
0.000000000000000000e+00 1.459634304046630859e-01
