4.028434016264049733e-01 1.000000000000000000e+00
6.616294514802063542e-01 8.385450048848562821e-01
7.866983955082198499e-01 6.495379851884309774e-01
8.829872197240387077e-01 4.935805366850646858e-01
1.000000000000000000e+00 3.906306009681128066e-01
4.856863042197870350e-01 4.626373320306296777e-01
5.087357944112728125e-01 2.257924480963184044e-01
5.112701980094619403e-01 9.786599036655375949e-02
5.129685200712892357e-01 0.000000000000000000e+00
2.712220332738317086e-01 4.885575496410493601e-01
2.114644385647085900e-01 2.707543118680060257e-01
1.646078536126871772e-01 1.353120169838089859e-01
1.208284712827623758e-01 5.021806294614601651e-02
1.129586400223277082e-01 5.563195713506806639e-01
1.770613434331178015e-01 4.542679091012785109e-01
2.504248320441982423e-01 5.148731770627508197e-01
2.801120651093214065e-01 5.893033821464928046e-01
0.000000000000000000e+00 6.363312183983580450e-01
8.867635716356873921e-02 5.681057101775457419e-01
1.458466266273154843e-01 6.196306762761966125e-01
1.748625797874320542e-01 6.805406227792095697e-01
