7.052048375023227678e-01 1.000000000000000000e+00
8.702000992888786479e-01 8.123125518435112546e-01
8.971779272278599393e-01 6.147326920204012612e-01
9.185688091079763362e-01 4.704238274165260525e-01
1.000000000000000000e+00 3.847383442754265248e-01
6.696938059775777718e-01 4.443227538983545166e-01
6.208587456813652317e-01 2.244679531379307202e-01
5.859592730404178385e-01 9.224663622043215161e-02
5.557193066782608604e-01 0.000000000000000000e+00
4.824322029314841442e-01 4.758513920307065881e-01
3.320855231217029746e-01 2.662349079119261663e-01
2.206330202654115114e-01 1.437282534797449107e-01
1.279450211509723379e-01 6.612203175157881085e-02
3.220142678834149175e-01 5.442318520257976022e-01
1.854726986098504671e-01 4.443550938715992160e-01
2.085192719966008634e-01 4.868110831501740177e-01
2.413558382513035505e-01 5.440453541577017216e-01
1.832284921622184259e-01 6.386986636109414084e-01
6.375101514355324683e-02 5.428625317034309061e-01
2.411743277429499732e-02 5.395947463472120509e-01
0.000000000000000000e+00 5.564728939135445973e-01
