1.000000000000000000e+00 1.000000000000000000e+00
8.934811537931380832e-01 7.369409795645603944e-01
7.310339874551855521e-01 5.399471885436233354e-01
5.732300964757806039e-01 4.644237306743196347e-01
4.479721277875755026e-01 4.668964394173212296e-01
6.659315149493015840e-01 3.637927625168680956e-01
4.395386289592235762e-01 1.692606061494498493e-01
3.173422268655870515e-01 7.369256829805266584e-02
2.237070003877581759e-01 0.000000000000000000e+00
6.223185426991318936e-01 4.078513860378198408e-01
3.066441751894024570e-01 2.324179708730732541e-01
1.270769538954238109e-01 1.299241655912583837e-01
0.000000000000000000e+00 7.370149130540569471e-02
5.777999425448014925e-01 5.098153877580482440e-01
2.752711891809027089e-01 5.229475848207535416e-01
3.389551559599462416e-01 6.789227890580347147e-01
4.244919852574598473e-01 7.635154481954891104e-01
5.385916004622181008e-01 6.534264109226533002e-01
2.918893162960204957e-01 6.492555423427770478e-01
3.431019784684711249e-01 7.767646800599944390e-01
4.257706371729981232e-01 8.613903224567716066e-01
