4.108078479766845703e-01 3.353813886642456055e-01
3.590617775917053223e-01 2.442591786384582520e-01
2.866644859313964844e-01 1.784065961837768555e-01
2.255142927169799805e-01 1.620441079139709473e-01
1.805706024169921875e-01 1.736530363559722900e-01
2.510753273963928223e-01 1.124482750892639160e-01
1.683966517448425293e-01 6.132793426513671875e-02
1.251857876777648926e-01 2.837729454040527344e-02
9.018379449844360352e-02 0.000000000000000000e+00
2.348941564559936523e-01 1.317669153213500977e-01
1.171410679817199707e-01 9.849405288696289062e-02
4.859650135040283203e-02 7.713150978088378906e-02
0.000000000000000000e+00 6.291583180427551270e-02
2.234939336776733398e-01 1.733468770980834961e-01
1.216273307800292969e-01 2.013201713562011719e-01
1.520934700965881348e-01 2.578388452529907227e-01
1.834328174591064453e-01 2.806229591369628906e-01
2.176766991615295410e-01 2.277047038078308105e-01
1.397823691368103027e-01 2.529278397560119629e-01
1.651864051818847656e-01 2.966319322586059570e-01
1.954930424690246582e-01 3.147915005683898926e-01
