1.000000000000000000e+00 9.235885774952277139e-01
7.403631880363705786e-01 1.000000000000000000e+00
5.586008553806072197e-01 8.894980252121249542e-01
4.284155182285837027e-01 8.228694310565953796e-01
3.207340507626318948e-01 7.862529966671345516e-01
5.042221340418758802e-01 2.336737495313619128e-01
2.768539620973248794e-01 2.177646104379689640e-01
1.445112608989595759e-01 1.686914604949837915e-01
3.373601316593191624e-02 9.704545326460600752e-02
5.504418922764890976e-01 1.377769124392179412e-01
2.756238743881902487e-01 8.679848200174815342e-02
1.132834426932115141e-01 5.758565711177243002e-02
0.000000000000000000e+00 0.000000000000000000e+00
6.056204940374212420e-01 1.772153733150163002e-01
3.554458519552601281e-01 4.911206334135128082e-01
4.179003634580144566e-01 8.268560416271382163e-01
5.016249306774988037e-01 9.638663601185436525e-01
6.652454382138248690e-01 3.352467096037998751e-01
4.573298209932719072e-01 5.633216262150708697e-01
4.956553212120666796e-01 8.102276755846335998e-01
5.738700854143207186e-01 9.282018279635974034e-01
