1.000000000000000000e+00 6.035338220656323305e-01
8.296157561275435688e-01 7.779256103148879387e-01
5.979147591657358873e-01 8.631369704274781673e-01
4.429433313007096751e-01 9.158583092363232758e-01
3.345489830786471108e-01 1.000000000000000000e+00
4.357022658370069412e-01 4.660439886651250307e-01
2.347052672375231630e-01 4.379443523699425023e-01
1.086883881951633685e-01 4.178249148660422296e-01
0.000000000000000000e+00 3.914284748911281975e-01
4.887739055565092916e-01 3.109167643820965887e-01
2.770459196103837729e-01 1.515894717643493372e-01
1.423775251032212141e-01 7.615089009246563123e-02
3.400628212429016722e-02 0.000000000000000000e+00
5.874461708541486304e-01 1.937591818313773584e-01
4.532270776672446266e-01 1.704044470662788024e-01
5.452505517112633537e-01 3.484668992069793747e-01
6.258909407505774958e-01 4.504223340754074378e-01
7.146346476071466780e-01 1.131128360666646265e-01
5.874136469131799876e-01 1.278573790291022416e-01
6.456269390652192852e-01 3.013873982090235493e-01
7.169367833925398559e-01 4.120235316913463675e-01
