1.000000000000000000e+00 4.306176925245974174e-01
8.570573398707421742e-01 6.243638216396942830e-01
6.452501643291054245e-01 7.609278542583510774e-01
4.896889951995137547e-01 8.684611942214927049e-01
3.980823881092860894e-01 1.000000000000000000e+00
4.606612739671221424e-01 4.396340219941791694e-01
2.463796421642475143e-01 4.617153747771881034e-01
1.155227558484396705e-01 4.662669689523560312e-01
0.000000000000000000e+00 4.520057477920220723e-01
4.877089019308697426e-01 2.764969939274312671e-01
2.560633019412588696e-01 1.712748554869636120e-01
1.149961836908489493e-01 1.143550665162791219e-01
4.252563581735451480e-03 4.319852478373397558e-02
5.650415663309601433e-01 1.419326038026566261e-01
4.195102871597466976e-01 8.803005946686270899e-02
5.452605901203265715e-01 2.180161053988459163e-01
6.510670368103799177e-01 2.921402468806332253e-01
6.754758610650697381e-01 2.038988622745445400e-02
5.594150140638127766e-01 0.000000000000000000e+00
6.551544458809357430e-01 1.230146766331987190e-01
7.483435574809967905e-01 2.010576170203123847e-01
