1.000000000000000000e+00 3.737807090579117753e-01
8.843328545959433518e-01 5.820775931852599783e-01
6.975691246038313587e-01 7.459342042237936399e-01
5.483795238284171480e-01 8.698275109939856975e-01
4.576085370044140621e-01 1.000000000000000000e+00
4.710539580056546383e-01 4.863865826861553110e-01
2.659335830292345881e-01 5.319085593906347498e-01
1.457435223278926717e-01 5.522977733531555522e-01
3.428474929453435849e-02 5.581463542030797864e-01
4.843810673232153419e-01 3.225557557292662580e-01
2.546428383689087194e-01 2.594559688776745254e-01
1.150049007678657503e-01 2.193464825890280301e-01
0.000000000000000000e+00 1.703153429297303567e-01
5.472751859577495992e-01 1.788707467821177288e-01
4.251269666273678749e-01 1.255673942448196356e-01
5.606220616340849006e-01 2.117558511809253807e-01
6.722517134067047540e-01 2.708737669142131099e-01
6.430815810623387030e-01 4.292435687133498018e-02
5.426339589767844585e-01 0.000000000000000000e+00
6.490074781291685913e-01 8.435078138045518092e-02
7.512564170839206579e-01 1.462764897132347863e-01
