1.000000000000000000e+00 2.907708321726159562e-01
9.147919303165834570e-01 5.016434322159238901e-01
7.698854209533294579e-01 6.922913336484740610e-01
6.520315610182122468e-01 8.544793543558636406e-01
5.748934900920665836e-01 1.000000000000000000e+00
5.084302755174776589e-01 5.120933348879767033e-01
3.099665151167885768e-01 6.105496429968392258e-01
1.844277304312814669e-01 6.723188577277355860e-01
6.698668015178207980e-02 7.103139479650159016e-01
4.995325073986813802e-01 3.442337140103421955e-01
2.717252906545484237e-01 3.255288850622709562e-01
1.262634233014710283e-01 3.146515751389558080e-01
0.000000000000000000e+00 2.896846160959574701e-01
5.486084086173442786e-01 1.857486210677527783e-01
4.242513632393861700e-01 1.543146952276853723e-01
5.835170551305861597e-01 2.107932644120892318e-01
7.108186660485988906e-01 2.389206534556446992e-01
6.331929637167547087e-01 2.962722735682108213e-02
5.353279779880718570e-01 0.000000000000000000e+00
6.507266238290646543e-01 6.887696931857800742e-02
7.576674018405290534e-01 1.136736001461211565e-01
