3.931915163993835449e-01 5.904272198677062988e-02
3.782017827033996582e-01 1.540063023567199707e-01
3.392192721366882324e-01 2.498420476913452148e-01
3.177511096000671387e-01 3.366332054138183594e-01
3.138253688812255859e-01 4.129732251167297363e-01
2.198935747146606445e-01 2.177221179008483887e-01
1.553903222084045410e-01 2.891874313354492188e-01
1.171741485595703125e-01 3.345131874084472656e-01
8.006817102432250977e-02 3.732997179031372070e-01
2.006203532218933105e-01 1.492057442665100098e-01
1.081718802452087402e-01 1.780146360397338867e-01
5.155086517333984375e-02 1.971930265426635742e-01
0.000000000000000000e+00 2.098966240882873535e-01
2.085986137390136719e-01 7.653546333312988281e-02
1.620757579803466797e-01 9.038859605789184570e-02
2.328820824623107910e-01 9.410661458969116211e-02
2.848896384239196777e-01 9.107315540313720703e-02
2.328368425369262695e-01 0.000000000000000000e+00
1.998123526573181152e-01 6.066560745239257812e-03
2.536201477050781250e-01 2.035498619079589844e-02
2.984393835067749023e-01 2.693045139312744141e-02
