6.726744149302592568e-01 1.000000000000000000e+00
3.092054343177714770e-01 8.779079094060115995e-01
1.036383975124661044e-01 7.074431857986784866e-01
2.250447136744844479e-01 5.591126271694562000e-01
5.340171523551308086e-01 5.377521790537337365e-01
2.499583936362276548e-01 4.773619240135815733e-01
8.823161367385246034e-02 2.969849111765243133e-01
2.602304255225022095e-02 1.892930441186694013e-01
0.000000000000000000e+00 9.398710122284645307e-02
5.105199847478443242e-01 4.512745956643617884e-01
6.077457356110447240e-01 2.240819306185472259e-01
6.559834164407283286e-01 1.004460368794280467e-01
7.177335802328692616e-01 0.000000000000000000e+00
7.578779279820175852e-01 4.837044121896577065e-01
7.183740022372636647e-01 2.957493039035857807e-01
6.009024894298768960e-01 4.037829833118389833e-01
5.784658101022357446e-01 5.144191159968852789e-01
1.000000000000000000e+00 5.590566893497215251e-01
9.579621940352274212e-01 4.136331492898384643e-01
8.387505872290582642e-01 4.874709368737670245e-01
8.089718066852473743e-01 5.927323325573305990e-01
