9.398359060287475586e-02 4.488737583160400391e-01
3.922635316848754883e-02 3.985386490821838379e-01
5.227148532867431641e-03 3.289718031883239746e-01
0.000000000000000000e+00 2.606655359268188477e-01
3.902018070220947266e-02 2.394793033599853516e-01
3.598910570144653320e-02 2.214258313179016113e-01
1.718568801879882812e-02 1.389151811599731445e-01
9.706437587738037109e-03 9.089416265487670898e-02
7.266581058502197266e-03 4.958266019821166992e-02
6.916010379791259766e-02 2.172596454620361328e-01
8.927685022354125977e-02 1.125711202621459961e-01
9.671014547348022461e-02 4.962217807769775391e-02
1.046797037124633789e-01 0.000000000000000000e+00
9.942656755447387695e-02 2.344700098037719727e-01
8.222103118896484375e-02 1.658220887184143066e-01
6.355512142181396484e-02 2.214908599853515625e-01
6.157439947128295898e-02 2.704258561134338379e-01
1.280545592308044434e-01 2.635548710823059082e-01
1.058079004287719727e-01 1.993546485900878906e-01
8.708369731903076172e-02 2.403224706649780273e-01
8.279979228973388672e-02 2.871817350387573242e-01
