8.000439405441284180e-02 3.892851471900939941e-01
1.170048713684082031e-01 3.137855529785156250e-01
1.146288514137268066e-01 2.382621765136718750e-01
8.774477243423461914e-02 1.980608701705932617e-01
5.596178770065307617e-02 1.808357238769531250e-01
1.175746321678161621e-01 2.005055546760559082e-01
1.318070888519287109e-01 1.121450066566467285e-01
1.381138563156127930e-01 5.328917503356933594e-02
1.436272859573364258e-01 8.901417255401611328e-03
7.450973987579345703e-02 2.070091962814331055e-01
4.318004846572875977e-02 1.118987798690795898e-01
1.997894048690795898e-02 4.824805259704589844e-02
1.359105110168457031e-03 0.000000000000000000e+00
3.610330820083618164e-02 2.283495664596557617e-01
1.460826396942138672e-02 1.636388897895812988e-01
2.684950828552246094e-02 1.883648037910461426e-01
3.695166110992431641e-02 2.175220251083374023e-01
7.759273052215576172e-03 2.567411065101623535e-01
0.000000000000000000e+00 2.103843092918395996e-01
9.922444820404052734e-03 2.293330430984497070e-01
1.896351575851440430e-02 2.516677975654602051e-01
