3.703838586807250977e-02 4.546325206756591797e-01
1.027147471904754639e-01 3.980956077575683594e-01
1.364053189754486084e-01 3.239542245864868164e-01
1.395938098430633545e-01 2.499613761901855469e-01
1.023781597614288330e-01 2.165783047676086426e-01
9.215524792671203613e-02 2.357071638107299805e-01
1.096816956996917725e-01 1.529687047004699707e-01
1.194516122341156006e-01 9.830534458160400391e-02
1.247593462467193604e-01 5.229175090789794922e-02
6.586393713951110840e-02 2.226879000663757324e-01
7.309541106224060059e-02 1.224092841148376465e-01
8.652421832084655762e-02 5.592626333236694336e-02
9.489318728446960449e-02 0.000000000000000000e+00
3.343474864959716797e-02 2.227023243904113770e-01
6.127563118934631348e-02 1.510882377624511719e-01
7.795277237892150879e-02 2.192205786705017090e-01
7.692536711692810059e-02 2.782296538352966309e-01
0.000000000000000000e+00 2.314993143081665039e-01
3.980317711830139160e-02 1.731232404708862305e-01
5.881282687187194824e-02 2.182713747024536133e-01
6.049886345863342285e-02 2.700422406196594238e-01
