2.078042498487256418e-01 1.000000000000000000e+00
6.778669976240694339e-01 9.006158971147992798e-01
8.939391541747578884e-01 7.069248152149703035e-01
8.149935308075978435e-01 5.295266452658784484e-01
5.461799362349375464e-01 4.541936130980661068e-01
7.155770768292893935e-01 5.392085782736131261e-01
8.686701194144345051e-01 3.522012688787215517e-01
9.483572320446943538e-01 2.431301724707854162e-01
1.000000000000000000e+00 1.438904240199031237e-01
5.003104609516231260e-01 4.914813042192822112e-01
5.772527822802151487e-01 2.561068900144425897e-01
6.748852161056893006e-01 1.158704173387257730e-01
7.231291148321212781e-01 0.000000000000000000e+00
2.672492330785594117e-01 4.853057890799406526e-01
4.042947600671861763e-01 3.225229054804144568e-01
4.935990035107707952e-01 4.704138612436630784e-01
4.676367064312890176e-01 5.979039346866578120e-01
0.000000000000000000e+00 5.065487929990499794e-01
1.581779709869719497e-01 3.502010678854463044e-01
2.767631280900095803e-01 4.439637171454984266e-01
2.844167064162181346e-01 5.629653605801842042e-01
