1.653890067426523891e-01 1.000000000000000000e+00
5.938523753280928741e-01 8.929979310640304702e-01
7.825659119880004067e-01 6.908208033974274631e-01
6.529192720187727561e-01 5.167358781205716456e-01
3.954181645250599009e-01 4.653461567055161008e-01
6.984730494033780657e-01 5.196770479176034963e-01
8.666730210461117689e-01 3.287002835060249262e-01
9.480173318526046167e-01 2.100230945094382073e-01
1.000000000000000000e+00 1.068308922131208233e-01
4.824617431306557624e-01 4.780417970179079434e-01
5.506519796831720326e-01 2.437564541632781800e-01
6.129904772500778254e-01 1.089206496787283179e-01
6.402419458240533601e-01 0.000000000000000000e+00
2.547886807019305588e-01 4.807556654823773590e-01
3.510334459709276711e-01 3.101865032125833421e-01
3.973643345641834079e-01 4.572048182543658190e-01
3.599978698130116284e-01 5.818454972914036682e-01
0.000000000000000000e+00 5.114976701947090421e-01
1.027021489787652980e-01 3.584835650992751477e-01
1.772208725761491022e-01 4.602794591803244240e-01
1.688966920366961888e-01 5.757690906758804461e-01
