1.624080538749694824e-02 4.643610119819641113e-01
8.301487565040588379e-02 4.322633147239685059e-01
1.177038550376892090e-01 3.555282354354858398e-01
8.714470267295837402e-02 2.834630012512207031e-01
4.746058583259582520e-02 2.479139566421508789e-01
1.334529519081115723e-01 2.600313425064086914e-01
1.678636670112609863e-01 1.750485897064208984e-01
1.841354966163635254e-01 1.176227629184722900e-01
1.955962777137756348e-01 6.620794534683227539e-02
9.130075573921203613e-02 2.355982065200805664e-01
1.138864755630493164e-01 1.319668889045715332e-01
1.256499290466308594e-01 5.981570482254028320e-02
1.351481676101684570e-01 0.000000000000000000e+00
4.676225781440734863e-02 2.354888319969177246e-01
6.167793273925781250e-02 1.638965010643005371e-01
5.607023835182189941e-02 2.243537306785583496e-01
4.662549495697021484e-02 2.774572968482971191e-01
0.000000000000000000e+00 2.514017224311828613e-01
1.322424411773681641e-02 1.961193680763244629e-01
1.520365476608276367e-02 2.411185503005981445e-01
1.061871647834777832e-02 2.872971892356872559e-01
