1.451486349105834961e-02 4.717466831207275391e-01
7.698655128479003906e-02 4.434122443199157715e-01
1.093501150608062744e-01 3.683012723922729492e-01
7.703679800033569336e-02 3.026272058486938477e-01
3.699642419815063477e-02 2.717218995094299316e-01
1.319160163402557373e-01 2.609915733337402344e-01
1.656379997730255127e-01 1.748939156532287598e-01
1.842904388904571533e-01 1.179677844047546387e-01
1.983830630779266357e-01 6.767272949218750000e-02
8.989349007606506348e-02 2.379117012023925781e-01
1.120309531688690186e-01 1.329395771026611328e-01
1.250848472118377686e-01 6.030619144439697266e-02
1.361240446567535400e-01 0.000000000000000000e+00
4.582709074020385742e-02 2.404545545578002930e-01
6.034502387046813965e-02 1.664336919784545898e-01
5.116763710975646973e-02 2.265652418136596680e-01
3.897941112518310547e-02 2.787060737609863281e-01
0.000000000000000000e+00 2.593771219253540039e-01
1.083180308341979980e-02 2.011470198631286621e-01
1.203280687332153320e-02 2.440265417098999023e-01
7.199317216873168945e-03 2.874743938446044922e-01
