2.657868102871807983e-02 1.000000000000000000e+00
3.336914809660648240e-01 9.569351564707584412e-01
5.034374943521714441e-01 8.269310641527439776e-01
3.463102359738061131e-01 6.990627854162909660e-01
1.610506165922659383e-01 6.172052341993669033e-01
6.642274071798208723e-01 5.943024963139889039e-01
8.441148120703885205e-01 4.130145886431944025e-01
9.316459127794545214e-01 2.928503719838230213e-01
1.000000000000000000e+00 1.836463952375490261e-01
4.545342273469363259e-01 5.288882298677156646e-01
5.703514606037604073e-01 2.961549378560272006e-01
6.282264914785563592e-01 1.353889622374933044e-01
6.835182808913629060e-01 0.000000000000000000e+00
2.293033441169206044e-01 5.207919767167706881e-01
2.817109757640382517e-01 3.798516795417417602e-01
2.144766646786310238e-01 5.032465129457389663e-01
1.501010584783695756e-01 6.079811137870422266e-01
0.000000000000000000e+00 5.480385741031299496e-01
3.376633352008819727e-02 4.344675929870538966e-01
2.337222051532293621e-02 5.203239925559998147e-01
2.752224491394215412e-03 6.062956077906137553e-01
