3.372997045516967773e-03 3.688990473747253418e-01
6.038480997085571289e-02 3.715540766716003418e-01
1.003346443176269531e-01 3.347457647323608398e-01
9.245663881301879883e-02 2.822760343551635742e-01
6.945425271987915039e-02 2.412406206130981445e-01
1.215320229530334473e-01 2.415762543678283691e-01
1.427791118621826172e-01 1.869369745254516602e-01
1.557415127754211426e-01 1.477099061012268066e-01
1.661970019340515137e-01 1.083536148071289062e-01
8.724105358123779297e-02 2.015998959541320801e-01
1.104439496994018555e-01 1.128063499927520752e-01
1.134852766990661621e-01 5.435830354690551758e-02
1.147086024284362793e-01 0.000000000000000000e+00
4.906752705574035645e-02 1.841323375701904297e-01
4.951170086860656738e-02 1.320424675941467285e-01
3.295698761940002441e-02 1.881473064422607422e-01
2.376759052276611328e-02 2.307341098785400391e-01
8.367180824279785156e-03 1.830638051033020020e-01
6.510615348815917969e-03 1.358539462089538574e-01
1.258522272109985352e-03 1.724325418472290039e-01
0.000000000000000000e+00 2.062363624572753906e-01
