1.293668430111494516e-01 9.114608759772340196e-01
4.095337939187165821e-01 1.000000000000000000e+00
6.434622334121280485e-01 8.825351864616514108e-01
5.416426398948316345e-01 6.382889825108083448e-01
3.629481603179883775e-01 4.166313971055574106e-01
1.000000000000000000e+00 5.925325821003559756e-01
8.389409887911011277e-01 3.432017322437623807e-01
5.952843844417562424e-01 2.271706706032562695e-01
4.279194659039888271e-01 7.891141861495860887e-02
7.895241671799907435e-01 4.377696091646870458e-01
7.786134261090968955e-01 1.903766247852338722e-01
6.270950288517993521e-01 1.313060257758904559e-01
5.918997245318768918e-01 0.000000000000000000e+00
5.606958881759428470e-01 3.389327448156868039e-01
2.653346909279135635e-01 2.080376710140000585e-01
1.066694675434197853e-01 4.537590551518784210e-01
2.015348134261965296e-01 5.778007657363483096e-01
3.231856198732260821e-01 2.779386449118878555e-01
7.435234825536127246e-02 2.209814091072703213e-01
0.000000000000000000e+00 4.062168664766239168e-01
1.030192198144688764e-01 5.207179959700058980e-01
