2.580205545099868436e-01 1.000000000000000000e+00
0.000000000000000000e+00 7.841947787761142097e-01
6.263450926562344478e-03 6.209782934906666885e-01
1.882646399421419314e-01 4.912655237325029844e-01
4.090405585868978622e-01 4.499809876118529561e-01
9.893905151549400867e-02 4.695164471296949804e-01
2.451557465163028970e-01 2.337056808491878579e-01
3.156966584521861963e-01 1.021216182015977497e-01
3.755180657077188955e-01 0.000000000000000000e+00
3.607860925579010614e-01 4.805369048403629328e-01
6.115885779043107595e-01 2.494265176705070808e-01
7.647782599469867826e-01 1.308110053120975780e-01
8.720871664282903168e-01 5.888047604852859190e-02
6.322165457478001738e-01 5.381300037750916809e-01
8.248467527203197092e-01 4.328806140498303590e-01
7.844415925730100492e-01 4.897045254008423054e-01
7.158476477375230740e-01 5.509821043031460919e-01
8.520421868470702265e-01 6.335428416944678398e-01
1.000000000000000000e+00 5.398130481242926493e-01
9.419679593524289407e-01 5.881737528072816801e-01
8.915114271208743890e-01 6.519226147281681483e-01
