2.723821366947919431e-01 1.000000000000000000e+00
1.157744824671402747e-04 7.775428637961305789e-01
0.000000000000000000e+00 6.064007271317835013e-01
1.942193661416828643e-01 4.766735155492177189e-01
4.131600714733070223e-01 4.363695004798828769e-01
7.785659586754840877e-02 4.604016875380181895e-01
2.356607026534674465e-01 2.254227651117640951e-01
3.061446957851113870e-01 9.784397894586641109e-02
3.689600243265900303e-01 0.000000000000000000e+00
3.511544668724569940e-01 4.680996675723791967e-01
5.936496998930131941e-01 2.461033931492986049e-01
7.385651775464457947e-01 1.263737312371423227e-01
8.462685744813512878e-01 5.407940169432669947e-02
6.332271369807409567e-01 5.206626316283624600e-01
8.194165663520297516e-01 4.348075914874038328e-01
7.636293068456195821e-01 4.798535643073182366e-01
6.874298204379623023e-01 5.389007434630445070e-01
8.618747654869293173e-01 6.052789296120089091e-01
1.000000000000000000e+00 5.459256193678764246e-01
9.374312153112450696e-01 5.805955415273226228e-01
8.770600534794417147e-01 6.356906836112145021e-01
