7.246851921081542969e-02 3.882498145103454590e-01
1.147382855415344238e-01 3.168712854385375977e-01
1.137726902961730957e-01 2.428798079490661621e-01
8.515971899032592773e-02 2.032386064529418945e-01
5.465853214263916016e-02 1.846772432327270508e-01
1.125431060791015625e-01 1.979132294654846191e-01
1.295519471168518066e-01 1.083964705467224121e-01
1.351125240325927734e-01 4.967206716537475586e-02
1.393439173698425293e-01 6.048023700714111328e-03
6.579500436782836914e-02 2.040550708770751953e-01
4.021602869033813477e-02 1.105409860610961914e-01
1.995795965194702148e-02 4.766201972961425781e-02
3.199040889739990234e-03 0.000000000000000000e+00
2.681893110275268555e-02 2.262810468673706055e-01
1.608914136886596680e-02 1.680132746696472168e-01
2.990281581878662109e-02 1.902289986610412598e-01
3.915375471115112305e-02 2.172852158546447754e-01
0.000000000000000000e+00 2.551707029342651367e-01
4.130780696868896484e-03 2.149894237518310547e-01
1.466798782348632812e-02 2.321674227714538574e-01
2.266931533813476562e-02 2.528380751609802246e-01
