4.038524627685546875e-02 4.423711299896240234e-01
0.000000000000000000e+00 3.426086902618408203e-01
2.343356609344482422e-03 2.633938193321228027e-01
3.731298446655273438e-02 2.064858078956604004e-01
7.618880271911621094e-02 1.897670030593872070e-01
9.090662002563476562e-03 1.952816545963287354e-01
4.028666019439697266e-02 9.469151496887207031e-02
5.405640602111816406e-02 4.150769114494323730e-02
6.352537870407104492e-02 0.000000000000000000e+00
5.319184064865112305e-02 1.970631778240203857e-01
9.931290149688720703e-02 1.056061387062072754e-01
1.258443593978881836e-01 5.919614434242248535e-02
1.442804932594299316e-01 2.992290258407592773e-02
9.938687086105346680e-02 2.196519970893859863e-01
1.399831175804138184e-01 1.922176778316497803e-01
1.344645023345947266e-01 2.214038372039794922e-01
1.230716109275817871e-01 2.497315406799316406e-01
1.403595805168151855e-01 2.568128108978271484e-01
1.723347306251525879e-01 2.421602010726928711e-01
1.629835963249206543e-01 2.656279206275939941e-01
1.513476967811584473e-01 2.915825247764587402e-01
