0.000000000000000000e+00 1.000000000000000000e+00
4.096966874609904163e-01 8.537244111686830284e-01
5.632208887552188070e-01 6.867559975245421944e-01
6.416297187430267668e-01 5.586557596864419883e-01
6.979150699019142090e-01 4.588034984043005138e-01
1.385733088846416161e-01 3.812372586732031832e-01
3.916466970011545090e-01 2.239796320790204964e-01
5.626792014720958246e-01 1.059636993532259847e-01
6.787154088202859148e-01 8.670548726474049464e-03
9.828648951067042727e-02 3.757456709825383045e-01
5.270960063902929704e-01 1.998046329891152717e-01
8.022611805872214008e-01 9.544785763690859237e-02
1.000000000000000000e+00 0.000000000000000000e+00
1.137478615479643879e-01 4.210624749723937965e-01
6.450395997658617819e-01 3.906819188438155899e-01
6.424026337320798419e-01 5.395624264340059817e-01
5.580071082307361818e-01 6.238315899962382227e-01
2.030709626510660837e-01 5.078093715492240090e-01
6.210067945372049758e-01 5.324784004174301089e-01
6.224798605519066275e-01 6.423916077127498347e-01
5.553313347498051167e-01 7.009064543921174062e-01
