0.000000000000000000e+00 1.000000000000000000e+00
3.766123831239311937e-01 8.814427260877837345e-01
6.296636672417095237e-01 7.122539457298037169e-01
7.607626680097695493e-01 5.826645731048434307e-01
6.476796024683464381e-01 5.606830630729955356e-01
2.579344515765872869e-01 3.830032654111223400e-01
5.154189086367535477e-01 2.430902679605020933e-01
7.128130329325265135e-01 1.258783683258084818e-01
8.639943178993171324e-01 3.076963884873067448e-02
1.406373767563382782e-01 3.630987945422763929e-01
4.962556399641799287e-01 1.951160201935062954e-01
7.901259320513664974e-01 9.097658257447645280e-02
1.000000000000000000e+00 0.000000000000000000e+00
4.491742232658473000e-02 3.884707099913045081e-01
5.454262015275401776e-01 3.525800837780374009e-01
5.436538657257288243e-01 5.245520803140579780e-01
4.296094237862398413e-01 6.240253112335714114e-01
2.246759617668001724e-02 4.585956953950531267e-01
4.424447679746064677e-01 4.530912044915554882e-01
4.426371868503956031e-01 5.814300414266805328e-01
3.278927135530917414e-01 6.574298327817876819e-01
