1.062670350074768066e-02 3.800409436225891113e-01
7.220885157585144043e-02 3.510837554931640625e-01
1.240635514259338379e-01 2.943799495697021484e-01
1.352337002754211426e-01 2.305585145950317383e-01
9.817999601364135742e-02 2.060679793357849121e-01
1.013013124465942383e-01 1.793007850646972656e-01
1.383845210075378418e-01 1.113042831420898438e-01
1.588061451911926270e-01 6.714141368865966797e-02
1.762633323669433594e-01 2.513462305068969727e-02
7.305303215980529785e-02 1.633524596691131592e-01
1.169432997703552246e-01 8.702188730239868164e-02
1.509124636650085449e-01 4.081052541732788086e-02
1.776523590087890625e-01 0.000000000000000000e+00
3.759011626243591309e-02 1.613835990428924561e-01
8.227604627609252930e-02 1.365927755832672119e-01
7.749354839324951172e-02 2.061464190483093262e-01
6.430155038833618164e-02 2.539546489715576172e-01
0.000000000000000000e+00 1.713658571243286133e-01
4.624640941619873047e-02 1.495645940303802490e-01
5.079665780067443848e-02 2.043131589889526367e-01
4.092690348625183105e-02 2.475689053535461426e-01
