8.666479587554931641e-02 4.076192378997802734e-01
1.256763935089111328e-01 3.320991396903991699e-01
1.244807839393615723e-01 2.553719878196716309e-01
9.707427024841308594e-02 2.096903920173645020e-01
6.573814153671264648e-02 1.881361603736877441e-01
1.260480880737304688e-01 2.225279808044433594e-01
1.432106494903564453e-01 1.294174790382385254e-01
1.512879729270935059e-01 6.940418481826782227e-02
1.590042114257812500e-01 2.330213785171508789e-02
8.274787664413452148e-02 2.285814285278320312e-01
5.928564071655273438e-02 1.213486194610595703e-01
4.127675294876098633e-02 5.153030157089233398e-02
2.546525001525878906e-02 0.000000000000000000e+00
4.262828826904296875e-02 2.468343377113342285e-01
2.001440525054931641e-02 1.632505655288696289e-01
3.307664394378662109e-02 1.845885515213012695e-01
4.435062408447265625e-02 2.158665657043457031e-01
1.183432340621948242e-02 2.714851498603820801e-01
0.000000000000000000e+00 2.087674140930175781e-01
1.094257831573486328e-02 2.254994511604309082e-01
2.153980731964111328e-02 2.507579326629638672e-01
