4.912293444081670679e-01 1.000000000000000000e+00
7.331255367743112483e-01 8.155514089680168111e-01
7.410626539326732320e-01 6.204097194605282528e-01
5.881394176074021818e-01 4.988352696700850131e-01
3.957257705024121441e-01 4.400657472561065320e-01
7.495512179505935402e-01 5.444365584677469672e-01
8.837676006037689103e-01 3.119010431032302466e-01
9.476187443740888838e-01 1.635505884583513814e-01
1.000000000000000000e+00 4.901199425998176845e-02
4.921718297399215736e-01 5.557885196973342268e-01
3.751432402150023382e-01 2.879348549636767673e-01
2.696351397635525227e-01 1.196178270662002496e-01
1.761917465409789940e-01 0.000000000000000000e+00
2.492780762008684758e-01 5.987012639368698430e-01
1.331692532232275350e-01 3.620673412455034934e-01
1.946314823834758845e-01 4.033081565434240567e-01
2.444200427870441006e-01 4.829416661699931224e-01
5.861205438050866301e-02 6.593148625979069477e-01
0.000000000000000000e+00 4.773255821692068968e-01
5.803203692835149502e-02 5.086136507193287359e-01
1.101902353975873355e-01 5.764361396351275202e-01
