4.911201713772372357e-01 1.000000000000000000e+00
7.332404084872857775e-01 8.133276569879134277e-01
7.460647114245311240e-01 6.157652868799921020e-01
5.993069402050527072e-01 4.919813946192463927e-01
4.200646878281373287e-01 4.261522265717433422e-01
7.479470294668394414e-01 5.438265212979559449e-01
8.787064456920569144e-01 3.061400044058026348e-01
9.439541825450733503e-01 1.583386945187863770e-01
1.000000000000000000e+00 4.479628807413394559e-02
4.950122279883568677e-01 5.559421814902516523e-01
3.819962886243470912e-01 2.857711142447205144e-01
2.888148037032854387e-01 1.177978829865756749e-01
2.085836938806123475e-01 0.000000000000000000e+00
2.536376369222886340e-01 5.961129709592840609e-01
1.344256216385673053e-01 3.469975108551936471e-01
1.953498249653217167e-01 3.740472971678234781e-01
2.470508721395693053e-01 4.469530814697674215e-01
6.096499137888897885e-02 6.540571485781928596e-01
0.000000000000000000e+00 4.590320513972677707e-01
5.913087739819420513e-02 4.765429630374548031e-01
1.148372438737862572e-01 5.378234295118368147e-01
