8.906972408294677734e-02 4.021973013877868652e-01
1.313770413398742676e-01 3.234599828720092773e-01
1.324239969253540039e-01 2.440817356109619141e-01
1.027933359146118164e-01 1.942415237426757812e-01
6.931477785110473633e-02 1.676729321479797363e-01
1.343464255332946777e-01 2.216836810111999512e-01
1.564770936965942383e-01 1.308632493019104004e-01
1.674770712852478027e-01 7.179296016693115234e-02
1.770873665809631348e-01 2.536159753799438477e-02
8.896154165267944336e-02 2.272527217864990234e-01
6.855642795562744141e-02 1.174324154853820801e-01
5.375671386718750000e-02 4.862624406814575195e-02
4.125666618347167969e-02 0.000000000000000000e+00
4.549318552017211914e-02 2.426869273185729980e-01
2.448523044586181641e-02 1.389099955558776855e-01
3.560757637023925781e-02 1.368794441223144531e-01
4.585391283035278320e-02 1.570568084716796875e-01
1.002675294876098633e-02 2.645477056503295898e-01
0.000000000000000000e+00 1.838843226432800293e-01
1.046735048294067383e-02 1.763737201690673828e-01
2.139943838119506836e-02 1.878832578659057617e-01
