4.832879091036684227e-01 1.000000000000000000e+00
7.209660836045187482e-01 8.016523385275218239e-01
7.424429857917361764e-01 5.992252520597096677e-01
5.974576575459165095e-01 4.686767960325592397e-01
4.195906270502103852e-01 3.984156137991978208e-01
7.561214997503027391e-01 5.399578726046233568e-01
8.735301317683462630e-01 3.123510971786833679e-01
9.397612698329802505e-01 1.661478572544060339e-01
1.000000000000000000e+00 5.580820989041544722e-02
5.107222942119195030e-01 5.552611631884267762e-01
3.817081251162806055e-01 2.762010688017307869e-01
2.965662546389834509e-01 1.105192791873145508e-01
2.292720263993654750e-01 0.000000000000000000e+00
2.714503004527190622e-01 5.910500996050080946e-01
1.416844283564697715e-01 3.228210880752046541e-01
1.865780377385587996e-01 3.221859014158004464e-01
2.347572061324341985e-01 3.781865413256036423e-01
7.293771277307578571e-02 6.420417693506058621e-01
0.000000000000000000e+00 4.372854111991833492e-01
4.474933985266229403e-02 4.273262816288751487e-01
1.005144090008519148e-01 4.639979888549042863e-01
