9.491622447967529297e-02 3.929589986801147461e-01
1.326007843017578125e-01 3.140400648117065430e-01
1.320900321006774902e-01 2.351177334785461426e-01
1.037047505378723145e-01 1.854150891304016113e-01
7.230216264724731445e-02 1.576361060142517090e-01
1.356869935989379883e-01 2.102379202842712402e-01
1.543626785278320312e-01 1.196691989898681641e-01
1.653788089752197266e-01 6.242674589157104492e-02
1.755762100219726562e-01 1.911151409149169922e-02
9.080022573471069336e-02 2.193594574928283691e-01
6.865954399108886719e-02 1.144012212753295898e-01
5.190074443817138672e-02 4.697889089584350586e-02
3.866535425186157227e-02 0.000000000000000000e+00
4.812866449356079102e-02 2.374076247215270996e-01
2.510726451873779297e-02 1.407032012939453125e-01
3.007543087005615234e-02 1.229842901229858398e-01
3.739470243453979492e-02 1.257723569869995117e-01
1.284253597259521484e-02 2.627763152122497559e-01
0.000000000000000000e+00 1.869107484817504883e-01
3.600239753723144531e-03 1.666733026504516602e-01
1.138454675674438477e-02 1.624768972396850586e-01
