6.173443377434124635e-01 1.000000000000000000e+00
8.745551339270397628e-01 8.154654746654621533e-01
8.597139536883166011e-01 6.246044038877782700e-01
6.656806990790056222e-01 5.089152152570074472e-01
4.658624195789913269e-01 4.483414530578279100e-01
8.369867818720279073e-01 5.577905894791739261e-01
9.103684421483383415e-01 3.068124464760775827e-01
9.564892019192461348e-01 1.553794659078440998e-01
1.000000000000000000e+00 4.311181850955201483e-02
5.528674663391230926e-01 5.763574236700774733e-01
4.153253915043446098e-01 2.959765684557609244e-01
3.289690005493594027e-01 1.219774034645741134e-01
2.441295035058494156e-01 0.000000000000000000e+00
2.882526294375100662e-01 6.216230234443685942e-01
1.192368223373325015e-01 3.870268698996421897e-01
2.235250951489668181e-01 4.227269164948438962e-01
3.052117294084073507e-01 4.934069927000850897e-01
8.579613317182194221e-02 6.852224814011048659e-01
0.000000000000000000e+00 5.036899979908491254e-01
8.932196295275227071e-02 5.274702225312736248e-01
1.625849519118796882e-01 5.882276581707607255e-01
