7.852697042689790186e-01 1.000000000000000000e+00
1.000000000000000000e+00 7.892609547440544437e-01
9.437682558216397011e-01 6.045465784850956315e-01
7.097881943336979971e-01 5.154543234555493125e-01
4.521684183472770013e-01 4.952749354376160817e-01
9.281401862203590980e-01 5.078375267437672536e-01
9.227374568435727786e-01 2.788110213465421761e-01
9.185924983971625046e-01 1.408969339540157573e-01
9.254494531862836881e-01 3.513457629344117483e-02
6.545507409569690793e-01 5.152036821266655631e-01
4.497138929373920568e-01 2.648004164879658173e-01
3.151296299121131850e-01 1.126424161210539399e-01
2.086554609030157326e-01 0.000000000000000000e+00
3.937655054588922732e-01 5.658298559533297967e-01
1.358235441220587980e-01 3.979208734221407195e-01
1.960370739653435890e-01 4.672543392855280087e-01
2.758049895740450896e-01 5.407592806317756962e-01
1.700718006463121379e-01 6.444933455800919697e-01
0.000000000000000000e+00 5.293547933850323295e-01
6.516834300120508128e-02 5.754856827660004281e-01
1.464968005654191108e-01 6.288213599178804625e-01
