8.172375704533771934e-01 1.000000000000000000e+00
3.634939653829846185e-01 8.827564148315676373e-01
1.307549865372271969e-01 7.290993459470660465e-01
0.000000000000000000e+00 5.793209322144750040e-01
2.444544268711723867e-01 5.445309728596289256e-01
4.431115704227697738e-01 4.922592725156880178e-01
3.171588013045971710e-01 3.060040950277808647e-01
2.834645102224350732e-01 1.959984462561432661e-01
2.889549449471166542e-01 1.046650522518009635e-01
6.651338940496435148e-01 4.868888269207349295e-01
8.065744782556639736e-01 2.501735889546217173e-01
8.577483186162556672e-01 1.133320297026156609e-01
9.276998238271724206e-01 0.000000000000000000e+00
8.420219455349595705e-01 5.302345925044064101e-01
6.455599856325072716e-01 3.235790977937951785e-01
4.540447282734432766e-01 4.471435231088886075e-01
4.033651080577688175e-01 5.517784609604610147e-01
1.000000000000000000e+00 6.057707946566706081e-01
7.176706657388410848e-01 4.518554317754946426e-01
5.690242798024199855e-01 5.499052656687081209e-01
5.500850256697402685e-01 6.575678283749818442e-01
