1.251417398452758789e-01 3.968315720558166504e-01
9.327512979507446289e-02 3.400251865386962891e-01
6.919491291046142578e-02 2.802420854568481445e-01
4.193133115768432617e-02 2.431043982505798340e-01
1.523053646087646484e-02 2.223857045173645020e-01
1.096561551094055176e-01 2.007699012756347656e-01
8.586776256561279297e-02 1.205325722694396973e-01
7.313859462738037109e-02 7.100474834442138672e-02
6.196469068527221680e-02 3.217118978500366211e-02
1.030939221382141113e-01 2.012744545936584473e-01
7.294833660125732422e-02 1.030247211456298828e-01
5.280447006225585938e-02 4.665029048919677734e-02
3.800386190414428711e-02 0.000000000000000000e+00
8.679348230361938477e-02 2.162058353424072266e-01
1.751524209976196289e-02 1.520890593528747559e-01
1.026773452758789062e-02 2.009676098823547363e-01
1.977229118347167969e-02 2.338891625404357910e-01
6.494420766830444336e-02 2.446458339691162109e-01
5.939662456512451172e-03 2.009177207946777344e-01
0.000000000000000000e+00 2.392457723617553711e-01
1.097029447555541992e-02 2.695795893669128418e-01
