1.246075034141540527e-01 4.167400598526000977e-01
6.577372550964355469e-02 3.730293512344360352e-01
2.551472187042236328e-02 3.154844045639038086e-01
0.000000000000000000e+00 2.660638093948364258e-01
1.800400018692016602e-02 2.382897734642028809e-01
6.861853599548339844e-02 2.066268920898437500e-01
4.508852958679199219e-02 1.354436874389648438e-01
2.840292453765869141e-02 8.932870626449584961e-02
1.787286996841430664e-02 5.355674028396606445e-02
8.749711513519287109e-02 1.992213129997253418e-01
7.422387599945068359e-02 1.020019054412841797e-01
5.744129419326782227e-02 4.435640573501586914e-02
4.648083448410034180e-02 0.000000000000000000e+00
1.000822186470031738e-01 2.110066413879394531e-01
4.234558343887329102e-02 1.431449651718139648e-01
2.761465311050415039e-02 1.990621089935302734e-01
2.869760990142822266e-02 2.372736334800720215e-01
1.059291362762451172e-01 2.401162981986999512e-01
4.483878612518310547e-02 1.858401298522949219e-01
3.412973880767822266e-02 2.292594313621520996e-01
3.976517915725708008e-02 2.694492936134338379e-01
