1.000000000000000000e+00 1.000000000000000000e+00
4.848305031745414051e-01 9.066604276412564278e-01
1.760744024066732139e-01 7.777245255868721063e-01
0.000000000000000000e+00 6.480247784454402638e-01
2.070225495115692316e-01 5.831879706459501822e-01
4.247183342386098848e-01 5.148136411820474212e-01
2.034651327358672213e-01 3.460785384944182752e-01
7.287878437198840043e-02 2.374377993910201934e-01
1.477332548049010074e-03 1.504932759377454743e-01
6.130348990267825426e-01 4.974021370145689236e-01
5.926935071726957549e-01 2.563372220993018757e-01
5.068201057080682359e-01 1.210773431917209486e-01
4.654227854908215556e-01 0.000000000000000000e+00
7.798912387778126343e-01 5.236719469133407356e-01
4.611577264246040642e-01 3.422633332964811759e-01
3.220314110446366174e-01 4.873219663038067528e-01
3.327144951437616682e-01 5.961141822054820683e-01
9.309012171742863107e-01 5.814588378671320390e-01
5.546260945187515556e-01 4.574009194569865211e-01
4.398023919983729546e-01 5.643929305275714459e-01
4.751140870060230892e-01 6.654625577352739629e-01
