1.000000000000000000e+00 1.000000000000000000e+00
7.084491555987235678e-01 9.659407294018986789e-01
4.338553418422282926e-01 8.646880464610987582e-01
3.152225284776299929e-01 7.397006323603271261e-01
4.688803203920532403e-01 6.817167420130070266e-01
3.925258346038520418e-01 5.454105956639470065e-01
1.790607882988155819e-01 3.749173432721786825e-01
7.588967774611064809e-02 2.719734138075108332e-01
0.000000000000000000e+00 1.782361721801730969e-01
5.795642001460825643e-01 5.117849512472607554e-01
5.222821423874989266e-01 2.612367281226492532e-01
4.815788891217992473e-01 1.178960523310875336e-01
4.500520142332815610e-01 0.000000000000000000e+00
7.743044479655859513e-01 5.363573998598732961e-01
5.818394159823659928e-01 4.305567882485664133e-01
5.711302777520997909e-01 5.824428980548874701e-01
6.155054494511489338e-01 6.876183540671882977e-01
9.602221313727200558e-01 6.027672420852779878e-01
7.601808585017557629e-01 5.126569769289093248e-01
7.302059477201621185e-01 6.338851041277124843e-01
7.671480966956965020e-01 7.359875869844125784e-01
