9.958871880813021660e-01 1.000000000000000000e+00
7.538353357361133877e-01 9.841603256651155762e-01
4.963944359171738041e-01 9.036276815348238678e-01
4.313827653448278343e-01 7.975826896110210784e-01
6.081930980219657501e-01 7.371747871258103046e-01
4.153109855167190223e-01 5.568642223821638204e-01
1.972229149016248850e-01 3.830991300286996637e-01
8.325834325886986853e-02 2.754052211107561599e-01
0.000000000000000000e+00 1.739031703083324110e-01
6.038216284281822110e-01 5.101829685252825541e-01
5.280299733133428930e-01 2.579456566224175851e-01
4.981145868989113046e-01 1.148439735146917495e-01
4.774823779778545885e-01 0.000000000000000000e+00
8.038278238215974536e-01 5.303046631539378719e-01
6.841275569550261393e-01 4.089928359832754046e-01
6.785758649156419242e-01 5.778113377236029358e-01
7.048412352994930519e-01 7.003689135045051417e-01
1.000000000000000000e+00 5.931423206846870855e-01
8.786056028040351018e-01 5.575730546243445884e-01
8.588838069453458290e-01 6.986919318853911376e-01
8.804171358386472246e-01 8.005642753681757595e-01
