9.594965183552832677e-01 1.000000000000000000e+00
7.247856256408161668e-01 9.899691132864495424e-01
4.935403231412705538e-01 9.353924849812607079e-01
4.732558498395952884e-01 8.643427557263503314e-01
6.338058552482478403e-01 7.875749066402693011e-01
4.053877037479935996e-01 5.649357985839100760e-01
2.116373004370876998e-01 4.029298232618554465e-01
9.271521527216433634e-02 3.111206010937547783e-01
0.000000000000000000e+00 2.144838334841006056e-01
5.940439980634841799e-01 4.825126805372552119e-01
5.425667189243297273e-01 2.429337664057607260e-01
5.298403309658917815e-01 1.192331520385006421e-01
5.205885736214248549e-01 0.000000000000000000e+00
8.004045110967781262e-01 4.863714621132707583e-01
7.486285870510934748e-01 4.502135059038666065e-01
7.364315300438958323e-01 6.607478355731438713e-01
7.436875413637223931e-01 7.875726619663193651e-01
1.000000000000000000e+00 5.505947637742546474e-01
9.465522256059639705e-01 6.210101855821599237e-01
9.020703449036931998e-01 7.777954234091060126e-01
8.812029217322776553e-01 8.630335496450796118e-01
