9.082241862279063493e-01 5.845371983747299494e-01
7.317042128038692139e-01 7.213149221221583085e-01
5.721208692535026952e-01 8.862687337774298735e-01
5.852439185299616042e-01 1.000000000000000000e+00
7.037760986813604847e-01 9.473399262187909287e-01
4.264061264833672316e-01 3.461895993816461181e-01
2.456063838358362172e-01 3.280868554552128780e-01
1.082585154592468762e-01 3.884957431139502426e-01
0.000000000000000000e+00 4.292848971317488327e-01
5.810663196378382800e-01 9.427311669909121949e-02
5.349329120412698035e-01 5.333264390776550762e-02
5.698675755739345261e-01 1.606948345169528225e-01
5.985126335074315573e-01 2.019904121687668141e-01
7.824452104300144706e-01 0.000000000000000000e+00
8.106249554829270121e-01 3.716172365009776657e-01
8.105073136442347836e-01 6.804721601971553957e-01
7.848120591350201680e-01 7.852132663221820241e-01
9.740318047484098907e-01 3.215105719735580209e-02
1.000000000000000000e+00 4.294445802595915351e-01
9.695237578131111755e-01 7.113111543607371079e-01
9.288477054878896411e-01 8.131045859853722746e-01
