1.794324517250061035e-01 8.772993087768554688e-02
1.499021649360656738e-01 1.115621328353881836e-01
1.256344914436340332e-01 1.313728690147399902e-01
1.125205159187316895e-01 1.466571688652038574e-01
1.043971180915832520e-01 1.562193036079406738e-01
7.806873321533203125e-02 5.249989032745361328e-02
4.466062784194946289e-02 7.399857044219970703e-02
2.144110202789306641e-02 9.293639659881591797e-02
0.000000000000000000e+00 1.120033860206604004e-01
1.053352952003479004e-01 1.377367973327636719e-02
1.033219099044799805e-01 3.588187694549560547e-02
1.191443800926208496e-01 7.518541812896728516e-02
1.242562532424926758e-01 9.372347593307495117e-02
1.442736387252807617e-01 0.000000000000000000e+00
1.566163301467895508e-01 5.769276618957519531e-02
1.600543260574340820e-01 1.075946092605590820e-01
1.544771194458007812e-01 1.270906925201416016e-01
1.831192374229431152e-01 1.771986484527587891e-03
1.925196051597595215e-01 5.569714307785034180e-02
1.906601786613464355e-01 9.870767593383789062e-02
1.825710535049438477e-01 1.180674433708190918e-01
