1.788286566734313965e-01 9.192073345184326172e-02
1.545107960700988770e-01 1.237908601760864258e-01
1.336669921875000000e-01 1.481394171714782715e-01
1.216697692871093750e-01 1.595654487609863281e-01
1.101735234260559082e-01 1.600933074951171875e-01
7.060939073562622070e-02 6.254607439041137695e-02
4.221481084823608398e-02 8.629202842712402344e-02
1.981949806213378906e-02 1.089317798614501953e-01
0.000000000000000000e+00 1.328293681144714355e-01
9.452819824218750000e-02 2.069067955017089844e-02
1.000388264656066895e-01 4.532790184020996094e-02
1.230731010437011719e-01 9.393179416656494141e-02
1.310313940048217773e-01 1.149885654449462891e-01
1.322437524795532227e-01 2.158999443054199219e-03
1.493028998374938965e-01 4.723399877548217773e-02
1.600902676582336426e-01 1.040813326835632324e-01
1.583959460258483887e-01 1.255381107330322266e-01
1.704455614089965820e-01 0.000000000000000000e+00
1.859577894210815430e-01 4.844439029693603516e-02
1.887820363044738770e-01 9.582567214965820312e-02
1.835265755653381348e-01 1.159751415252685547e-01
