1.879726052284240723e-01 8.135607838630676270e-02
1.420223116874694824e-01 1.161474883556365967e-01
1.070901155471801758e-01 1.524415910243988037e-01
9.319692850112915039e-02 1.781872212886810303e-01
1.007735133171081543e-01 1.678461134433746338e-01
5.918562412261962891e-02 6.332716345787048340e-02
3.398114442825317383e-02 9.936621785163879395e-02
1.633781194686889648e-02 1.302804648876190186e-01
0.000000000000000000e+00 1.590580046176910400e-01
8.889436721801757812e-02 2.209290862083435059e-02
8.880633115768432617e-02 7.191535830497741699e-02
1.092173457145690918e-01 1.214853823184967041e-01
1.217066049575805664e-01 1.491806209087371826e-01
1.301833391189575195e-01 2.532362937927246094e-03
1.417493224143981934e-01 6.805649399757385254e-02
1.489046216011047363e-01 1.161461174488067627e-01
1.482987999916076660e-01 1.417787373065948486e-01
1.718778610229492188e-01 0.000000000000000000e+00
1.814054846763610840e-01 6.579318642616271973e-02
1.803500056266784668e-01 1.125896871089935303e-01
1.732620596885681152e-01 1.391783654689788818e-01
