9.648369904450952994e-01 1.000000000000000000e+00
4.463230422048302670e-01 8.546753215983287078e-01
1.785480386037355260e-01 6.955590630208304814e-01
0.000000000000000000e+00 5.625967539733782719e-01
1.696293273155039250e-01 5.529413272641611199e-01
6.672943774907571513e-01 4.695649562012070843e-01
5.676011907619916697e-01 2.960726933470812505e-01
5.407658328131752512e-01 1.891203640467575553e-01
5.477005809766168909e-01 1.046950332884808710e-01
8.602530369232246343e-01 4.752626380417105945e-01
9.328386229413742070e-01 2.462684702420802618e-01
8.981456762855908327e-01 1.106181210570955364e-01
9.042070389398376706e-01 0.000000000000000000e+00
9.661722763720170803e-01 5.232645200064268698e-01
5.797920967974263817e-01 3.395606306342581204e-01
3.549056513180006700e-01 4.572517851541000877e-01
3.124218562442982461e-01 5.416369804513115893e-01
1.000000000000000000e+00 6.081806686127617656e-01
5.735929322514043971e-01 4.531575797177648246e-01
4.080035530801363608e-01 5.418247108337131968e-01
4.035372353195371131e-01 6.319522548555168706e-01
