1.554034352302551270e-01 3.653287887573242188e-02
1.138381958007812500e-01 7.003784179687500000e-02
9.051424264907836914e-02 1.093087792396545410e-01
9.702169895172119141e-02 1.496737003326416016e-01
1.088723540306091309e-01 1.802474856376647949e-01
5.167609453201293945e-02 5.170363187789916992e-02
3.036326169967651367e-02 1.089947819709777832e-01
1.459914445877075195e-02 1.461981534957885742e-01
0.000000000000000000e+00 1.821732521057128906e-01
8.438700437545776367e-02 1.928281784057617188e-02
9.262412786483764648e-02 9.138351678848266602e-02
1.096730828285217285e-01 1.495798826217651367e-01
1.169523000717163086e-01 1.890349388122558594e-01
1.298575997352600098e-01 2.211451530456542969e-03
1.423367857933044434e-01 7.471573352813720703e-02
1.509975194931030273e-01 1.268928647041320801e-01
1.518194079399108887e-01 1.593071818351745605e-01
1.722013354301452637e-01 0.000000000000000000e+00
1.812624931335449219e-01 6.463986635208129883e-02
1.813298463821411133e-01 1.102738976478576660e-01
1.761468648910522461e-01 1.381884217262268066e-01
