1.360038518905639648e-01 0.000000000000000000e+00
8.177536725997924805e-02 4.458379745483398438e-02
6.033915281295776367e-02 1.208142638206481934e-01
7.755315303802490234e-02 1.861253976821899414e-01
1.021202206611633301e-01 2.245835661888122559e-01
4.102379083633422852e-02 8.214265108108520508e-02
2.428787946701049805e-02 1.493334174156188965e-01
1.071226596832275391e-02 1.996698379516601562e-01
0.000000000000000000e+00 2.430419325828552246e-01
8.113813400268554688e-02 6.384724378585815430e-02
9.700143337249755859e-02 1.498646736145019531e-01
1.066899895668029785e-01 2.138375639915466309e-01
1.170879602432250977e-01 2.560465335845947266e-01
1.285638213157653809e-01 5.572742223739624023e-02
1.392006278038024902e-01 1.502609252929687500e-01
1.330249905586242676e-01 1.861664056777954102e-01
1.296682357788085938e-01 1.960390806198120117e-01
1.727265119552612305e-01 5.513477325439453125e-02
1.734670400619506836e-01 1.462296843528747559e-01
1.607003808021545410e-01 1.838278174400329590e-01
1.501923203468322754e-01 1.954662799835205078e-01
