7.175673098957923157e-01 0.000000000000000000e+00
4.581953548256179065e-01 1.454732423653792295e-01
3.583774602158324996e-01 3.819500946966464250e-01
4.037537151423868376e-01 5.696326650136004366e-01
4.867930733477128236e-01 6.947926896389009510e-01
2.639590516525058272e-01 3.526711357869873331e-01
1.466404966701478352e-01 5.988617436548695494e-01
6.630000682239213516e-02 7.623542803908337495e-01
0.000000000000000000e+00 8.962653524069410516e-01
4.852540116540452475e-01 2.916891886509682119e-01
5.931300260475432795e-01 6.049435328809591450e-01
6.666516224173310023e-01 8.379831985048816767e-01
7.296303487991715464e-01 1.000000000000000000e+00
7.465841682017049230e-01 2.521542396521201934e-01
8.109403180634202624e-01 5.897057746936725797e-01
7.586594524243107651e-01 6.840961221220697164e-01
7.200849475288071400e-01 6.807964380557239847e-01
1.000000000000000000e+00 2.336761606076364906e-01
9.906739648769258277e-01 5.390554915140955972e-01
9.413652131472745044e-01 6.310751037528548046e-01
8.926918185523583515e-01 6.401698129167515683e-01
