6.935443659365455593e-01 0.000000000000000000e+00
4.215411831712337354e-01 1.492216186404704270e-01
3.432509152557132737e-01 3.868111043453930642e-01
4.103330315839595066e-01 5.762859618499647230e-01
4.982709690649538281e-01 7.131290414653542742e-01
2.469248601921879005e-01 3.564801763435041515e-01
1.269492857388657692e-01 6.179852301063495368e-01
5.796958956232763083e-02 7.839155645417418272e-01
0.000000000000000000e+00 9.196874396480514413e-01
4.926610994024238632e-01 3.082337792641846597e-01
5.902660193452015092e-01 6.286315226144493229e-01
6.677521684871119412e-01 8.454882872058747667e-01
7.386122384770481553e-01 1.000000000000000000e+00
7.598564244174002003e-01 2.747836471920350743e-01
7.931100715700822867e-01 6.098508972282736806e-01
7.292209037171355490e-01 6.334965104981293837e-01
7.038332236594918578e-01 5.706217460492850613e-01
1.000000000000000000e+00 2.548706357492396823e-01
9.569870196268186469e-01 5.508465688974988339e-01
8.879434153206748892e-01 6.033456109579667936e-01
8.449279769425086517e-01 5.830125917074917563e-01
