1.138327717781066895e-01 0.000000000000000000e+00
6.626331806182861328e-02 5.471307039260864258e-02
5.097395181655883789e-02 1.357322931289672852e-01
6.445521116256713867e-02 2.007266879081726074e-01
8.009892702102661133e-02 2.453956604003906250e-01
3.850495815277099609e-02 1.328266859054565430e-01
2.084249258041381836e-02 2.220258712768554688e-01
9.608447551727294922e-03 2.796419262886047363e-01
0.000000000000000000e+00 3.270815014839172363e-01
8.116847276687622070e-02 1.194154024124145508e-01
1.006484031677246094e-01 2.254322171211242676e-01
1.136494874954223633e-01 2.990711331367492676e-01
1.265807747840881348e-01 3.529919981956481934e-01
1.261096000671386719e-01 1.076999902725219727e-01
1.349159479141235352e-01 2.121719717979431152e-01
1.213536858558654785e-01 2.195250391960144043e-01
1.144306659698486328e-01 2.028564810752868652e-01
1.653954982757568359e-01 9.819608926773071289e-02
1.600601077079772949e-01 1.896558403968811035e-01
1.485841274261474609e-01 2.055020928382873535e-01
1.406825780868530273e-01 2.018029093742370605e-01
