7.276230508538065189e-01 0.000000000000000000e+00
4.696997922716769636e-01 1.746043564454873853e-01
3.466307108148161120e-01 4.638555192805702276e-01
3.764839230452015628e-01 6.923490899826520995e-01
4.895180977155904611e-01 8.143369759474728964e-01
2.774412258613233595e-01 3.628855487101346755e-01
1.621491637187483514e-01 6.093546556567857042e-01
7.235541041812222629e-02 7.816264622405660889e-01
0.000000000000000000e+00 9.287068190881828667e-01
4.800062743251337638e-01 2.783804662791696249e-01
5.745793509819352440e-01 5.626199924412113029e-01
6.615881199867690299e-01 8.202772606292968449e-01
7.391121562373849097e-01 1.000000000000000000e+00
7.302725819684056097e-01 2.249253386530398469e-01
8.050250120151988265e-01 5.338619750986071111e-01
7.894539163193657894e-01 6.838766332897840972e-01
7.755995642755445507e-01 7.459270534727706625e-01
9.772482134394304687e-01 1.984897735536937102e-01
1.000000000000000000e+00 5.067457639380977819e-01
9.605433244491654587e-01 6.622734998767202397e-01
9.075971843129830852e-01 7.506263297509350174e-01
