9.035679400702973929e-01 7.792748318251513373e-02
6.630486057166004032e-01 2.603376791427735593e-01
5.172369038371315009e-01 5.126596885552473504e-01
5.628783100931402661e-01 7.941766744365367225e-01
6.348924644346851665e-01 1.000000000000000000e+00
4.093619650461342574e-01 1.302950482588696168e-01
2.493837439143509749e-01 3.601357806946795526e-01
1.169399600571198600e-01 5.381456894947220793e-01
0.000000000000000000e+00 6.753632488101463105e-01
5.713036812568419442e-01 4.651109200648769794e-03
5.983314618119915940e-01 2.576529083834829814e-01
6.457927943864614218e-01 5.003880208102526872e-01
6.686731041873367198e-01 6.254225420769482513e-01
7.840020817470266801e-01 0.000000000000000000e+00
8.227188590385507982e-01 3.570301961375178523e-01
8.210412196166201326e-01 6.010756099938845409e-01
7.949040140287189082e-01 7.160566875537317522e-01
9.826002994434146487e-01 7.514663783247214901e-02
1.000000000000000000e+00 4.119331023052584251e-01
9.664584278707983866e-01 5.992835175353854460e-01
9.152582186706045286e-01 6.908387028157654264e-01
