1.651946306228637695e-01 1.090901196002960205e-01
1.388000845909118652e-01 1.314386427402496338e-01
1.172015666961669922e-01 1.494037806987762451e-01
1.198875904083251953e-01 1.580835878849029541e-01
1.372731924057006836e-01 1.534592211246490479e-01
8.124154806137084961e-02 7.259520888328552246e-02
4.540896415710449219e-02 6.445714831352233887e-02
1.992422342300415039e-02 5.751034617424011230e-02
0.000000000000000000e+00 4.843285679817199707e-02
1.109148263931274414e-01 3.711709380149841309e-02
9.975236654281616211e-02 0.000000000000000000e+00
1.002379059791564941e-01 2.174675464630126953e-03
1.002888679504394531e-01 8.076637983322143555e-03
1.490529775619506836e-01 2.686265110969543457e-02
1.569053530693054199e-01 5.862709879875183105e-02
1.577774286270141602e-01 1.125118434429168701e-01
1.537128686904907227e-01 1.420361101627349854e-01
1.856398582458496094e-01 3.690609335899353027e-02
1.888337731361389160e-01 7.726565003395080566e-02
1.849009394645690918e-01 1.149350106716156006e-01
1.803008913993835449e-01 1.360629498958587646e-01
