8.357513456505892835e-01 8.405719495140818731e-01
6.876348262608060757e-01 9.598311488302814221e-01
5.552835300234651994e-01 1.000000000000000000e+00
6.160461534490324631e-01 9.288157784931607708e-01
7.469430161994328188e-01 8.167046836790690101e-01
4.314719985446446304e-01 4.918096940852778043e-01
2.143606945880201231e-01 2.653621183652515869e-01
9.090071010033839993e-02 1.277972218077721711e-01
0.000000000000000000e+00 0.000000000000000000e+00
6.106481862756546475e-01 3.301018872791367520e-01
5.923978577758876041e-01 9.936886280241859215e-02
6.202047945601175671e-01 1.440159873759916109e-01
6.253919564573404699e-01 1.432965301678902070e-01
7.900001475022340180e-01 3.063873006319590697e-01
8.546783406490343626e-01 3.947284902525560191e-01
8.558288580745795349e-01 6.614255241669343421e-01
8.303241853267235850e-01 7.772723594403153635e-01
9.573377444695880811e-01 3.636448410239810913e-01
1.000000000000000000e+00 5.035621982768431204e-01
9.884739295947253535e-01 6.953990142551151887e-01
9.582977381761594859e-01 7.932907138178774131e-01
