9.774267722488211296e-01 9.968165017791096316e-01
7.388100569740254642e-01 1.000000000000000000e+00
5.465986887492495505e-01 9.224396791091039605e-01
6.033483175932932152e-01 8.038589818418954147e-01
7.578747506426357639e-01 6.980684100692363669e-01
3.706640869964183405e-01 5.868740011317161720e-01
1.816724090375723966e-01 4.173867502708636934e-01
8.151272682587692997e-02 3.059298060904518946e-01
0.000000000000000000e+00 1.978714291291200356e-01
5.731158868106233095e-01 5.158447810863949767e-01
5.452112366589219050e-01 2.664157872888894829e-01
5.624082962622608539e-01 1.203818703115654143e-01
5.626503907906573732e-01 0.000000000000000000e+00
7.814390633045469325e-01 5.228721705407312070e-01
7.959844364940972250e-01 4.112764054838539685e-01
8.275619110841894166e-01 5.798574247582500840e-01
8.383987300221925620e-01 7.026103810823878248e-01
9.824756953789663960e-01 5.781437104562253682e-01
1.000000000000000000e+00 5.409227008627168765e-01
9.972457990755662083e-01 6.721241716961406931e-01
9.781430381293872989e-01 7.754965887512632605e-01
