1.128506064414978027e-01 4.265725612640380859e-01
5.523365736007690430e-02 3.603621125221252441e-01
2.394253015518188477e-02 2.961220741271972656e-01
0.000000000000000000e+00 2.391995787620544434e-01
1.039671897888183594e-02 2.318638563156127930e-01
9.055471420288085938e-02 1.805996894836425781e-01
8.777165412902832031e-02 1.024649739265441895e-01
8.914840221405029297e-02 4.415589570999145508e-02
9.240823984146118164e-02 0.000000000000000000e+00
1.083528995513916016e-01 1.875051259994506836e-01
1.039940714836120605e-01 9.782677888870239258e-02
1.009374856948852539e-01 4.494649171829223633e-02
1.039166450500488281e-01 5.478978157043457031e-03
1.134179234504699707e-01 2.135235667228698730e-01
5.545562505722045898e-02 1.431723237037658691e-01
3.211957216262817383e-02 1.967607140541076660e-01
3.372937440872192383e-02 2.341942787170410156e-01
1.096212863922119141e-01 2.570012807846069336e-01
5.178523063659667969e-02 1.926999688148498535e-01
3.593945503234863281e-02 2.357318997383117676e-01
3.975880146026611328e-02 2.771709561347961426e-01
