9.515335244054946573e-01 1.000000000000000000e+00
6.660655517005908965e-01 9.584873461440321929e-01
4.803129171593505942e-01 8.459449169487177622e-01
5.415646831170389808e-01 7.069485607514125469e-01
7.005597538445568206e-01 6.119089689662131626e-01
3.542627096238408768e-01 5.450345704964630889e-01
1.742224514655623946e-01 3.702816380430058452e-01
7.521333417677580901e-02 2.583344017172668483e-01
0.000000000000000000e+00 1.543438592416784549e-01
5.652897468212761956e-01 4.911060683698118545e-01
5.480140984654212621e-01 2.522544058509750831e-01
5.434679435088179966e-01 1.131902657282667507e-01
5.465747314365609899e-01 0.000000000000000000e+00
7.826503882268406320e-01 5.099893087525855240e-01
7.557182967003557295e-01 3.634142096498473862e-01
7.656595639077987681e-01 5.208240414026439336e-01
7.928914019149387871e-01 6.414485924904022029e-01
1.000000000000000000e+00 5.745966960614622421e-01
9.659628787989379406e-01 4.744224719269678481e-01
9.465361277231432169e-01 5.838604528994087994e-01
9.527321859271622451e-01 6.784165286101642156e-01
