1.000000000000000000e+00 1.000000000000000000e+00
5.324429949369895443e-01 9.159550667246302291e-01
2.402481614250341901e-01 7.846664955087220283e-01
4.315839153947546858e-02 6.647393419120859459e-01
1.726066188698769377e-01 6.134916058894154256e-01
4.367239181048819252e-01 5.184704952109935316e-01
2.112093788881087009e-01 3.340113579117580112e-01
8.546601869987804911e-02 2.218743628771362719e-01
0.000000000000000000e+00 1.310588024625169434e-01
6.245141788930361759e-01 5.038780219175659214e-01
5.987595008438351130e-01 2.596686259936419883e-01
5.242783516266923405e-01 1.174339468770327216e-01
4.863808406321987743e-01 0.000000000000000000e+00
7.687741755669709187e-01 5.407638624451063247e-01
4.740208895376769038e-01 3.555614825586099204e-01
3.232654415659608205e-01 4.966150909528283530e-01
3.000314898308634182e-01 6.061228248827693621e-01
8.688309958485778139e-01 6.177579693620087742e-01
5.182933589563546439e-01 4.957589866011376523e-01
3.991235972011776822e-01 6.015383719211796487e-01
4.076624228537639727e-01 7.056673056323549131e-01
