1.000000000000000000e+00 1.000000000000000000e+00
5.181304956683943086e-01 8.780351789849452082e-01
2.192260373044640498e-01 7.260038786573679293e-01
0.000000000000000000e+00 5.997228836194898882e-01
1.007401493200671405e-01 5.789533294868945967e-01
5.494501765860806408e-01 4.565815005376824276e-01
3.889954051174985272e-01 2.933829284538099214e-01
2.853497853780609383e-01 1.846987155828556104e-01
2.143362512310339196e-01 9.718512502770758343e-02
7.015969614878555527e-01 4.543160255290495941e-01
5.781299678580240631e-01 2.320089668640193947e-01
4.463792836943039632e-01 1.003082190763741333e-01
3.613406550964489705e-01 0.000000000000000000e+00
7.773725180869304197e-01 5.049644168420017731e-01
2.913182315336535488e-01 3.432906058248977876e-01
1.659544717476932330e-01 4.783978007802132670e-01
1.762740022813137075e-01 5.569501970782365641e-01
7.887786677479797781e-01 6.049765933314416033e-01
2.977935432035827557e-01 4.626862145670231907e-01
2.121169342930545598e-01 5.631228132604400027e-01
2.539308258431037801e-01 6.579067939681289001e-01
