1.339367628097534180e-01 4.161096215248107910e-01
1.374939680099487305e-01 3.260728120803833008e-01
1.197126507759094238e-01 2.540648579597473145e-01
8.630073070526123047e-02 2.155933380126953125e-01
5.202168226242065430e-02 2.034969925880432129e-01
1.254010200500488281e-01 2.038988471031188965e-01
9.489125013351440430e-02 1.138483285903930664e-01
7.821166515350341797e-02 5.941778421401977539e-02
6.325548887252807617e-02 1.551455259323120117e-02
1.108277440071105957e-01 2.110718488693237305e-01
7.677727937698364258e-02 1.035615205764770508e-01
5.651330947875976562e-02 4.606616497039794922e-02
4.159241914749145508e-02 0.000000000000000000e+00
8.774739503860473633e-02 2.318120598793029785e-01
2.138894796371459961e-02 1.516836285591125488e-01
1.321691274642944336e-02 1.981140375137329102e-01
2.195304632186889648e-02 2.333263158798217773e-01
6.092089414596557617e-02 2.638104557991027832e-01
4.033088684082031250e-03 2.077162861824035645e-01
0.000000000000000000e+00 2.413890361785888672e-01
1.091510057449340820e-02 2.703578472137451172e-01
