1.085410118103027344e-01 3.845894932746887207e-01
1.308343410491943359e-01 3.002786040306091309e-01
1.205342411994934082e-01 2.321090698242187500e-01
8.988487720489501953e-02 2.029963135719299316e-01
5.673807859420776367e-02 1.968902945518493652e-01
1.227817535400390625e-01 1.986144185066223145e-01
1.136552095413208008e-01 1.150370836257934570e-01
1.096121668815612793e-01 6.567066907882690430e-02
1.074689030647277832e-01 2.585393190383911133e-02
8.960175514221191406e-02 2.024117708206176758e-01
5.965554714202880859e-02 1.006470918655395508e-01
4.215961694717407227e-02 4.274123907089233398e-02
2.899199724197387695e-02 0.000000000000000000e+00
5.665880441665649414e-02 2.200138568878173828e-01
1.931703090667724609e-02 1.463792324066162109e-01
2.455437183380126953e-02 1.774283051490783691e-01
3.448921442031860352e-02 2.079140543937683105e-01
2.698624134063720703e-02 2.470844388008117676e-01
0.000000000000000000e+00 1.916906237602233887e-01
6.786227226257324219e-03 2.109920382499694824e-01
1.755863428115844727e-02 2.317898869514465332e-01
