8.496505022048950195e-02 3.695150315761566162e-01
1.175430417060852051e-01 2.940879762172698975e-01
1.119564771652221680e-01 2.246045768260955811e-01
8.340835571289062500e-02 1.905830204486846924e-01
5.199790000915527344e-02 1.800244748592376709e-01
1.133507490158081055e-01 1.964780390262603760e-01
1.132881641387939453e-01 1.125003397464752197e-01
1.103449463844299316e-01 6.271240115165710449e-02
1.084389090538024902e-01 2.305456995964050293e-02
7.524168491363525391e-02 1.978357136249542236e-01
5.160009860992431641e-02 1.050586998462677002e-01
3.558212518692016602e-02 4.560509324073791504e-02
2.294743061065673828e-02 0.000000000000000000e+00
4.025965929031372070e-02 2.142985761165618896e-01
1.816934347152709961e-02 1.469379365444183350e-01
2.796989679336547852e-02 1.742850840091705322e-01
3.663247823715209961e-02 2.038095295429229736e-01
1.203995943069458008e-02 2.396485507488250732e-01
0.000000000000000000e+00 1.945855319499969482e-01
9.763479232788085938e-03 2.115619480609893799e-01
1.882994174957275391e-02 2.329149544239044189e-01
