8.557748794555664062e-02 3.737505674362182617e-01
1.216031312942504883e-01 2.946776151657104492e-01
1.159299612045288086e-01 2.246372103691101074e-01
8.825588226318359375e-02 1.880177259445190430e-01
5.928289890289306641e-02 1.741715073585510254e-01
1.166948676109313965e-01 1.979357600212097168e-01
1.178058981895446777e-01 1.100918650627136230e-01
1.155546903610229492e-01 5.899608135223388672e-02
1.138777136802673340e-01 2.090531587600708008e-02
7.462674379348754883e-02 1.978871822357177734e-01
5.132955312728881836e-02 1.014893651008605957e-01
3.439694643020629883e-02 4.221987724304199219e-02
2.037662267684936523e-02 0.000000000000000000e+00
3.659164905548095703e-02 2.107012271881103516e-01
1.918840408325195312e-02 1.404664516448974609e-01
3.322637081146240234e-02 1.567052602767944336e-01
4.393637180328369141e-02 1.838331818580627441e-01
6.383419036865234375e-03 2.313085794448852539e-01
0.000000000000000000e+00 1.825869083404541016e-01
1.208084821701049805e-02 1.912294626235961914e-01
2.094101905822753906e-02 2.097756862640380859e-01
