8.258235454559326172e-02 3.755359053611755371e-01
1.220651268959045410e-01 2.979602813720703125e-01
1.191577911376953125e-01 2.313969731330871582e-01
9.229087829589843750e-02 1.923437118530273438e-01
6.454420089721679688e-02 1.742981672286987305e-01
1.098685264587402344e-01 2.009575963020324707e-01
1.166672706604003906e-01 1.105635166168212891e-01
1.157432794570922852e-01 5.813854932785034180e-02
1.141787171363830566e-01 1.972532272338867188e-02
6.650167703628540039e-02 2.017861008644104004e-01
4.838341474533081055e-02 1.032168269157409668e-01
3.329771757125854492e-02 4.253983497619628906e-02
1.977783441543579102e-02 0.000000000000000000e+00
2.952766418457031250e-02 2.151681184768676758e-01
1.537561416625976562e-02 1.378550529479980469e-01
3.119534254074096680e-02 1.408364176750183105e-01
4.349350929260253906e-02 1.604352593421936035e-01
3.122389316558837891e-03 2.349633574485778809e-01
0.000000000000000000e+00 1.773455739021301270e-01
1.400232315063476562e-02 1.740445494651794434e-01
2.517271041870117188e-02 1.843766570091247559e-01
