7.115419512515298583e-01 1.000000000000000000e+00
1.000000000000000000e+00 7.969446315401950143e-01
9.656225024420566072e-01 6.179544857972698590e-01
7.476626718609437061e-01 5.158864713609323527e-01
5.184819287807477250e-01 4.705051617403148145e-01
9.103567333196912470e-01 5.283641219778769660e-01
9.369587417906356519e-01 2.897009527407516383e-01
9.155231792681938208e-01 1.499795156600549351e-01
8.965991706659768301e-01 4.496503440878996810e-02
5.619061362223604084e-01 5.332342446742122100e-01
3.973578491368826016e-01 2.765308759945792061e-01
2.681267205399165410e-01 1.174557349041181059e-01
1.652673907252039665e-01 0.000000000000000000e+00
2.644356436025837587e-01 5.703721641803576325e-01
1.153186449577804085e-01 3.516810456100560867e-01
1.691684073157453672e-01 3.246042754139792930e-01
2.245910279031516910e-01 3.399851664293365161e-01
5.224215549626838595e-02 6.243222672367947368e-01
0.000000000000000000e+00 4.695117576254652647e-01
6.663339806874823967e-02 4.406614188082959016e-01
1.357411883260039587e-01 4.441073194616174113e-01
