9.933239221572875977e-02 3.629564046859741211e-01
1.261001825332641602e-01 2.820912599563598633e-01
1.180847287178039551e-01 2.141214609146118164e-01
9.006983041763305664e-02 1.804168820381164551e-01
5.811136960983276367e-02 1.712522506713867188e-01
1.211997270584106445e-01 1.865805983543395996e-01
1.090553402900695801e-01 1.035662293434143066e-01
1.008209586143493652e-01 5.635911226272583008e-02
9.585553407669067383e-02 1.941627264022827148e-02
8.263480663299560547e-02 1.912879347801208496e-01
4.922544956207275391e-02 9.742450714111328125e-02
2.823925018310546875e-02 4.123240709304809570e-02
1.300197839736938477e-02 0.000000000000000000e+00
4.706054925918579102e-02 2.088728547096252441e-01
1.562422513961791992e-02 1.365781426429748535e-01
2.566510438919067383e-02 1.541233062744140625e-01
3.776299953460693359e-02 1.791013479232788086e-01
1.722639799118041992e-02 2.347953915596008301e-01
0.000000000000000000e+00 1.886150240898132324e-01
1.058053970336914062e-02 2.012779712677001953e-01
2.217024564743041992e-02 2.202332615852355957e-01
