9.762267409985767586e-01 1.000000000000000000e+00
4.992952903843596579e-01 8.414441655308546597e-01
3.048567370585306691e-01 6.837882893984962296e-01
1.326910613356904467e-01 5.730521075602538206e-01
0.000000000000000000e+00 5.119139498208042927e-01
9.703300196409070377e-01 4.713301927650924705e-01
8.887072941276505933e-01 2.609327509632216602e-01
8.345141112477191259e-01 1.168524128709137466e-01
7.920070950490379902e-01 0.000000000000000000e+00
1.000000000000000000e+00 4.861254364619533863e-01
7.073480128474174400e-01 2.737256628375667189e-01
5.753020907950736618e-01 2.117589066782452623e-01
5.773091907877077045e-01 1.614139363722045528e-01
9.031307299367862251e-01 5.287002724302058976e-01
3.151606742867256172e-01 3.637327494262388439e-01
1.536558634262383261e-01 4.745223139715581406e-01
2.351549990384705635e-01 5.554811003260050617e-01
7.199581376287250700e-01 5.963808994752850534e-01
1.948454112800008242e-01 4.661603040152029753e-01
7.660398681246320673e-02 5.561418657105169361e-01
1.592752490460095649e-01 6.375181075789172480e-01
