1.537609100341796875e-01 3.415885567665100098e-01
1.557862162590026855e-01 2.566038370132446289e-01
1.331635117530822754e-01 1.891842484474182129e-01
9.982198476791381836e-02 1.624088287353515625e-01
6.938129663467407227e-02 1.617946028709411621e-01
1.247180104255676270e-01 1.506679654121398926e-01
8.871990442276000977e-02 8.136904239654541016e-02
7.070887088775634766e-02 3.856790065765380859e-02
5.670046806335449219e-02 5.467355251312255859e-03
1.014634966850280762e-01 1.634559631347656250e-01
5.281454324722290039e-02 8.003604412078857422e-02
2.256494760513305664e-02 3.272461891174316406e-02
0.000000000000000000e+00 0.000000000000000000e+00
7.744693756103515625e-02 1.894162893295288086e-01
1.523792743682861328e-02 1.385101675987243652e-01
1.450169086456298828e-02 1.678609251976013184e-01
2.600514888763427734e-02 1.920005679130554199e-01
5.623626708984375000e-02 2.249518036842346191e-01
7.577657699584960938e-03 1.885717511177062988e-01
9.354054927825927734e-03 2.074062824249267578e-01
2.189576625823974609e-02 2.248281240463256836e-01
