1.866989135742187500e-01 3.425632119178771973e-01
1.203941106796264648e-01 3.298065066337585449e-01
8.213591575622558594e-02 2.917092442512512207e-01
4.578173160552978516e-02 2.623940706253051758e-01
2.528399229049682617e-02 2.409300804138183594e-01
1.193838715553283691e-01 1.637924909591674805e-01
7.067972421646118164e-02 1.019486188888549805e-01
4.067677259445190430e-02 5.798786878585815430e-02
1.505738496780395508e-02 2.643817663192749023e-02
1.240987777709960938e-01 1.608256101608276367e-01
6.930762529373168945e-02 7.690685987472534180e-02
2.842170000076293945e-02 3.175359964370727539e-02
0.000000000000000000e+00 0.000000000000000000e+00
1.183227300643920898e-01 1.807582378387451172e-01
3.240013122558593750e-02 1.370239257812500000e-01
2.669870853424072266e-02 1.851917505264282227e-01
3.843051195144653320e-02 2.143148183822631836e-01
1.056360006332397461e-01 2.185202240943908691e-01
3.338879346847534180e-02 1.955156922340393066e-01
3.327775001525878906e-02 2.354529500007629395e-01
5.030542612075805664e-02 2.642630934715270996e-01
