2.126523256301879883e-01 3.210220336914062500e-01
1.325029134750366211e-01 3.045651316642761230e-01
8.629089593887329102e-02 2.648974061012268066e-01
5.332070589065551758e-02 2.387245893478393555e-01
3.134661912918090820e-02 2.310695648193359375e-01
1.163689494132995605e-01 1.315402984619140625e-01
6.560015678405761719e-02 7.162207365036010742e-02
3.004282712936401367e-02 3.379768133163452148e-02
0.000000000000000000e+00 0.000000000000000000e+00
1.271985769271850586e-01 1.405835747718811035e-01
5.335026979446411133e-02 9.534651041030883789e-02
3.008395433425903320e-02 1.248387694358825684e-01
2.807545661926269531e-02 1.431528925895690918e-01
1.277909874916076660e-01 1.675181388854980469e-01
4.555249214172363281e-02 1.393051147460937500e-01
3.545784950256347656e-02 1.946368217468261719e-01
5.140632390975952148e-02 2.285034656524658203e-01
1.219131946563720703e-01 2.092188000679016113e-01
4.707133769989013672e-02 1.898230314254760742e-01
4.207497835159301758e-02 2.312228679656982422e-01
6.209152936935424805e-02 2.616004943847656250e-01
