1.000000000000000000e+00 1.000000000000000000e+00
8.368734147701311077e-01 7.441025956082979453e-01
6.567802385826398970e-01 5.697089613346002501e-01
4.816804777747928368e-01 5.241587229528386072e-01
3.533833927295521593e-01 5.379591182079018763e-01
5.593925659020407837e-01 3.525046264727096923e-01
3.046818331065401786e-01 2.143656081197058139e-01
1.556018117568819248e-01 1.018520429171587000e-01
3.295420364710108935e-02 1.380907135695171560e-02
5.658412982295522031e-01 4.163004726365125974e-01
2.844766818439609102e-01 2.000193219133946931e-01
1.197952119404455534e-01 8.728580580351490148e-02
0.000000000000000000e+00 0.000000000000000000e+00
5.652253142488929960e-01 5.577924526355183543e-01
2.494315559554963480e-01 5.495060718643863806e-01
2.465468054937171027e-01 7.435051170242001906e-01
3.044726782611926752e-01 8.549726257260958917e-01
5.665384810473773625e-01 7.451449002811056932e-01
3.159953985934023657e-01 7.774221097090738830e-01
3.238739819095670658e-01 8.963055751223799605e-01
3.804749985858043027e-01 9.597527357859657604e-01
