1.488373279571533203e-01 5.562511086463928223e-01
8.016890287399291992e-02 5.134376883506774902e-01
3.944575786590576172e-02 4.169903397560119629e-01
7.330632209777832031e-02 3.448328971862792969e-01
1.289506554603576660e-01 3.298494815826416016e-01
5.623799562454223633e-02 2.716587781906127930e-01
2.455830574035644531e-02 1.732610464096069336e-01
9.835720062255859375e-03 1.114611029624938965e-01
0.000000000000000000e+00 5.598598718643188477e-02
1.068298816680908203e-01 2.540077567100524902e-01
1.113399863243103027e-01 1.314198374748229980e-01
1.119076609611511230e-01 5.936956405639648438e-02
1.158490180969238281e-01 0.000000000000000000e+00
1.526668071746826172e-01 2.696949839591979980e-01
1.502708792686462402e-01 1.647539138793945312e-01
1.389246582984924316e-01 2.407563924789428711e-01
1.371657252311706543e-01 3.086558580398559570e-01
1.989740133285522461e-01 3.066604733467102051e-01
1.940372586250305176e-01 2.305377125740051270e-01
1.816238164901733398e-01 2.776341438293457031e-01
1.781421899795532227e-01 3.298339247703552246e-01
