1.493880152702331543e-01 5.503611564636230469e-01
7.528924942016601562e-02 5.062852501869201660e-01
2.994340658187866211e-02 4.088532924652099609e-01
6.252813339233398438e-02 3.375076055526733398e-01
1.203804612159729004e-01 3.277446627616882324e-01
5.457222461700439453e-02 2.781178951263427734e-01
2.532589435577392578e-02 1.793181300163269043e-01
1.063364744186401367e-02 1.186476349830627441e-01
0.000000000000000000e+00 6.503635644912719727e-02
1.017274260520935059e-01 2.592570781707763672e-01
1.065086722373962402e-01 1.328197717666625977e-01
1.054583191871643066e-01 5.887112021446228027e-02
1.080393791198730469e-01 0.000000000000000000e+00
1.454376578330993652e-01 2.734659314155578613e-01
1.360950469970703125e-01 1.853986978530883789e-01
1.171770691871643066e-01 2.447638511657714844e-01
1.112357974052429199e-01 3.014205694198608398e-01
1.880798935890197754e-01 3.065968751907348633e-01
1.753862500190734863e-01 2.412120103836059570e-01
1.554290056228637695e-01 2.786227464675903320e-01
1.476888656616210938e-01 3.240139484405517578e-01
