1.359317302703857422e-01 5.493921637535095215e-01
6.750392913818359375e-02 5.047074556350708008e-01
1.548939943313598633e-02 4.249600768089294434e-01
0.000000000000000000e+00 3.580973148345947266e-01
4.089671373367309570e-02 3.490498065948486328e-01
5.839830636978149414e-02 2.608763575553894043e-01
4.344749450683593750e-02 1.675283312797546387e-01
3.718602657318115234e-02 1.116196513175964355e-01
3.397327661514282227e-02 6.475067138671875000e-02
9.813070297241210938e-02 2.612065672874450684e-01
1.096917986869812012e-01 1.352664232254028320e-01
1.062157154083251953e-01 5.992546677589416504e-02
1.038349866867065430e-01 0.000000000000000000e+00
1.338220238685607910e-01 2.905076742172241211e-01
1.058022379875183105e-01 2.175060510635375977e-01
8.121335506439208984e-02 2.810656428337097168e-01
7.456403970718383789e-02 3.327895402908325195e-01
1.627730727195739746e-01 3.374242186546325684e-01
1.272174715995788574e-01 2.739795446395874023e-01
1.033313274383544922e-01 3.180263042449951172e-01
9.693431854248046875e-02 3.625910282135009766e-01
