1.000000000000000000e+00 1.000000000000000000e+00
4.816517485069115034e-01 8.883427908324135203e-01
2.003615882234276169e-01 7.705118782333374439e-01
0.000000000000000000e+00 6.683655245874025042e-01
8.523443760131743652e-02 6.138075296274910775e-01
5.763064474258439152e-01 4.811876641024845913e-01
4.975892778924847493e-01 3.041575841991184248e-01
4.487366916003674433e-01 1.801870492463193141e-01
4.470400640394524006e-01 8.762362422091912739e-02
7.504358106560427011e-01 4.852782873643845529e-01
7.103030541707220369e-01 2.483239512595891429e-01
6.076333773497407664e-01 1.151605763501344637e-01
5.500782409725509803e-01 0.000000000000000000e+00
8.670188782969106001e-01 5.295863702506831139e-01
4.691814153779879093e-01 3.721805101490376910e-01
2.738860004516838753e-01 4.780524284304350502e-01
2.418148369316679425e-01 5.628452559838131863e-01
9.139506024996926214e-01 6.158879280073548124e-01
4.741298454549911501e-01 4.948853520924524907e-01
3.389244618974098788e-01 5.742652105665867479e-01
3.685981644916989097e-01 6.558396669664124934e-01
