1.431524157524108887e-01 5.149812996387481689e-01
6.619346141815185547e-02 4.521865546703338623e-01
3.827500343322753906e-02 3.713213503360748291e-01
1.924920082092285156e-02 3.133076727390289307e-01
9.703516960144042969e-03 2.833559215068817139e-01
1.051815748214721680e-01 2.431772053241729736e-01
8.562666177749633789e-02 1.557093560695648193e-01
7.756859064102172852e-02 8.841177821159362793e-02
7.017868757247924805e-02 3.624147176742553711e-02
1.179623007774353027e-01 2.484607994556427002e-01
7.788920402526855469e-02 1.377917826175689697e-01
5.246788263320922852e-02 5.704447627067565918e-02
3.571772575378417969e-02 0.000000000000000000e+00
1.127830147743225098e-01 2.767052352428436279e-01
2.375626564025878906e-02 2.078661620616912842e-01
1.039803028106689453e-03 2.645535767078399658e-01
4.010319709777832031e-03 3.060153424739837646e-01
9.547966718673706055e-02 3.242153227329254150e-01
1.345890760421752930e-02 2.699118554592132568e-01
0.000000000000000000e+00 3.160071074962615967e-01
6.999373435974121094e-03 3.597598373889923096e-01
