1.000000000000000000e+00 1.000000000000000000e+00
9.539960365206313631e-01 7.959749185804656513e-01
8.157951730483402608e-01 6.193425814067848867e-01
5.880922216717390238e-01 5.275739045050666931e-01
3.692504777408167627e-01 4.869764209122188214e-01
8.873826880883289858e-01 4.937278572542740385e-01
7.404855262226626156e-01 2.774174079504528878e-01
6.861104819874017657e-01 1.441360965201696209e-01
6.636446316087479813e-01 3.649436931873836082e-02
7.631177011819662015e-01 5.056990303515095375e-01
4.787065609738834771e-01 2.579828190552807543e-01
3.206030150753768626e-01 1.114569663637481056e-01
2.304918961002194178e-01 0.000000000000000000e+00
5.990597352961992694e-01 5.506109476601310782e-01
1.404625238870408355e-01 3.984960034833416320e-01
8.771852218840682502e-02 5.115951065568759004e-01
1.488045863118409029e-01 5.940642039461809798e-01
4.246907070564088227e-01 6.213048919835251205e-01
2.597105244532521909e-02 5.252673865049001245e-01
0.000000000000000000e+00 6.070255595700713158e-01
6.898895887890155176e-02 6.728276786380547048e-01
