9.454947193256179050e-01 1.000000000000000000e+00
1.000000000000000000e+00 7.919654019213386853e-01
8.869593992815473227e-01 6.175539526828881520e-01
6.731410996367234167e-01 5.125320375700331832e-01
4.543499908006692345e-01 4.619845342948349920e-01
9.485613065376433672e-01 5.016980813802831562e-01
9.136025570261557815e-01 2.895437528195003996e-01
9.236817488294013501e-01 1.573424090033131995e-01
9.397053887395883098e-01 5.198534442433917768e-02
8.064469426982950884e-01 5.046424304772938463e-01
6.275968719690143693e-01 2.510268114024062913e-01
5.076970606522432927e-01 1.083809006975436917e-01
4.209269047462083635e-01 0.000000000000000000e+00
6.270828297399928530e-01 5.413765321019364807e-01
1.749031915860809472e-01 3.657669512662712341e-01
1.036585759953051050e-01 4.675949585529977082e-01
1.688708435506228178e-01 5.512440204396783505e-01
4.402062890675325635e-01 6.061395886428722068e-01
4.054427291031923591e-02 4.988885689062308448e-01
0.000000000000000000e+00 5.778005927262578334e-01
7.994196881189889747e-02 6.417370119871422807e-01
