1.601573526859283447e-01 4.814589917659759521e-01
1.754291355609893799e-01 3.601193726062774658e-01
1.555532515048980713e-01 2.751050889492034912e-01
1.129274666309356689e-01 2.347870767116546631e-01
7.546493411064147949e-02 2.255333364009857178e-01
1.518664658069610596e-01 2.281021177768707275e-01
1.390427649021148682e-01 1.243394911289215088e-01
1.353318989276885986e-01 5.874082446098327637e-02
1.367490589618682861e-01 9.087175130844116211e-03
1.150002777576446533e-01 2.387742102146148682e-01
7.392331957817077637e-02 1.205975115299224854e-01
4.990795254707336426e-02 4.820379614830017090e-02
3.376337885856628418e-02 0.000000000000000000e+00
7.471492886543273926e-02 2.693577110767364502e-01
2.296957373619079590e-02 1.938957870006561279e-01
3.601744771003723145e-02 2.260288298130035400e-01
5.208566784858703613e-02 2.562800347805023193e-01
4.064574837684631348e-02 3.141795098781585693e-01
0.000000000000000000e+00 2.574149072170257568e-01
1.425966620445251465e-02 2.810955345630645752e-01
3.073111176490783691e-02 3.075287044048309326e-01
