8.216006500487450515e-01 1.000000000000000000e+00
1.000000000000000000e+00 7.660732918582578987e-01
9.063176828283683317e-01 5.887925877366222416e-01
6.643572435791711417e-01 5.136454943727677414e-01
4.361514489230761127e-01 5.008456891931134525e-01
8.577443274007462426e-01 4.798973371152514544e-01
8.226444583948941958e-01 2.565584329977735334e-01
8.019807144146237077e-01 1.128685501107808270e-01
7.933618693909765263e-01 0.000000000000000000e+00
5.819557935767101231e-01 4.977485518565198941e-01
3.717195982615859040e-01 2.616728544421634273e-01
2.336992591965749710e-01 1.113036474195923803e-01
1.236486317285614700e-01 5.170977191635275569e-03
3.332112908838607557e-01 5.612359935753704621e-01
1.087133991383918141e-01 4.119873134354375410e-01
2.034419424782849262e-01 4.728168932791758095e-01
3.035193991366648136e-01 5.421249285467200085e-01
1.333803657301347867e-01 6.548800443562335927e-01
0.000000000000000000e+00 5.420244710778686636e-01
8.322782706009237974e-02 5.868223042954864299e-01
1.679113557333038464e-01 6.426155819347514342e-01
