1.178421378135681152e-01 4.566668272018432617e-01
1.583395004272460938e-01 3.585430383682250977e-01
1.452086567878723145e-01 2.750373482704162598e-01
1.042712926864624023e-01 2.365841269493103027e-01
6.480497121810913086e-02 2.295960783958435059e-01
1.287239193916320801e-01 2.195665836334228516e-01
1.289010643959045410e-01 1.134954690933227539e-01
1.269690394401550293e-01 4.889893531799316406e-02
1.251986622810363770e-01 0.000000000000000000e+00
7.797217369079589844e-02 2.253751754760742188e-01
4.687261581420898438e-02 1.206400394439697266e-01
2.659714221954345703e-02 5.407342314720153809e-02
1.022547483444213867e-02 6.152063608169555664e-03
3.437709808349609375e-02 2.534521818161010742e-01
1.861083507537841797e-02 2.006379961967468262e-01
3.739768266677856445e-02 2.282974123954772949e-01
5.171746015548706055e-02 2.617375254631042480e-01
8.770823478698730469e-04 2.939012050628662109e-01
0.000000000000000000e+00 2.603582143783569336e-01
1.498037576675415039e-02 2.802601456642150879e-01
2.558368444442749023e-02 3.064070940017700195e-01
