1.219078302383422852e-01 4.609381556510925293e-01
1.599777340888977051e-01 3.604443669319152832e-01
1.452463865280151367e-01 2.751759886741638184e-01
1.000660061836242676e-01 2.451933622360229492e-01
5.825126171112060547e-02 2.458496689796447754e-01
1.262629032135009766e-01 2.229821681976318359e-01
1.252284646034240723e-01 1.161828637123107910e-01
1.226561069488525391e-01 5.086922645568847656e-02
1.196790933609008789e-01 0.000000000000000000e+00
7.591080665588378906e-02 2.351929545402526855e-01
4.682010412216186523e-02 1.325845718383789062e-01
2.546390891075134277e-02 6.506669521331787109e-02
6.547152996063232422e-03 1.398319005966186523e-02
3.269451856613159180e-02 2.680895924568176270e-01
2.033507823944091797e-02 2.154150009155273438e-01
4.073649644851684570e-02 2.421601414680480957e-01
5.492150783538818359e-02 2.750310897827148438e-01
0.000000000000000000e+00 3.100962638854980469e-01
6.614923477172851562e-04 2.662927508354187012e-01
1.824030280113220215e-02 2.835692167282104492e-01
2.976202964782714844e-02 3.100397586822509766e-01
