1.681148409843444824e-01 4.558467864990234375e-01
1.892025470733642578e-01 3.473374247550964355e-01
1.613745093345642090e-01 2.630487084388732910e-01
1.112234592437744141e-01 2.389267683029174805e-01
6.577277183532714844e-02 2.440835237503051758e-01
1.520913243293762207e-01 2.223255634307861328e-01
1.345698833465576172e-01 1.191220879554748535e-01
1.237414479255676270e-01 5.273663997650146484e-02
1.159608960151672363e-01 0.000000000000000000e+00
1.056596040725708008e-01 2.439213395118713379e-01
5.715146660804748535e-02 1.498665213584899902e-01
2.545014023780822754e-02 8.390477299690246582e-02
0.000000000000000000e+00 3.334230184555053711e-02
6.387203931808471680e-02 2.802740335464477539e-01
1.895570755004882812e-02 2.252396941184997559e-01
3.217074275016784668e-02 2.427835464477539062e-01
4.797482490539550781e-02 2.685879468917846680e-01
3.125190734863281250e-02 3.225364089012145996e-01
5.111962556838989258e-03 2.743534445762634277e-01
1.875507831573486328e-02 2.845771908760070801e-01
3.471469879150390625e-02 3.050000071525573730e-01
