3.208423256874084473e-01 3.979133069515228271e-01
2.995927929878234863e-01 2.897037565708160400e-01
2.468156218528747559e-01 2.248330414295196533e-01
1.891019344329833984e-01 2.199898064136505127e-01
1.453881859779357910e-01 2.371995747089385986e-01
2.273129820823669434e-01 1.843961775302886963e-01
1.693545579910278320e-01 1.016029119491577148e-01
1.346329450607299805e-01 4.448744654655456543e-02
1.081998348236083984e-01 0.000000000000000000e+00
2.019981741905212402e-01 2.320651113986968994e-01
1.084167957305908203e-01 1.762677133083343506e-01
4.717159271240234375e-02 1.426800191402435303e-01
0.000000000000000000e+00 1.216439306735992432e-01
1.830385327339172363e-01 2.935949862003326416e-01
9.612727165222167969e-02 2.638352811336517334e-01
1.169207692146301270e-01 2.786720693111419678e-01
1.455918550491333008e-01 2.945726215839385986e-01
1.724849939346313477e-01 3.579640090465545654e-01
1.065335273742675781e-01 3.224877417087554932e-01
1.246803700923919678e-01 3.317000567913055420e-01
1.509914398193359375e-01 3.451504409313201904e-01
