3.774510324001312256e-01 3.397348523139953613e-01
3.376521170139312744e-01 2.379927039146423340e-01
2.710814774036407471e-01 1.858398914337158203e-01
2.122856080532073975e-01 1.957960724830627441e-01
1.722039878368377686e-01 2.296077013015747070e-01
2.361969053745269775e-01 1.440652608871459961e-01
1.658770143985748291e-01 8.345758914947509766e-02
1.229369938373565674e-01 3.757637739181518555e-02
8.924075961112976074e-02 0.000000000000000000e+00
2.155533730983734131e-01 1.958828568458557129e-01
1.152116358280181885e-01 1.722934246063232422e-01
4.981401562690734863e-02 1.575393676757812500e-01
0.000000000000000000e+00 1.480290293693542480e-01
2.050202190876007080e-01 2.606164216995239258e-01
1.216196715831756592e-01 2.561564445495605469e-01
1.487570405006408691e-01 2.704045772552490234e-01
1.810655891895294189e-01 2.818427681922912598e-01
2.031398713588714600e-01 3.297153115272521973e-01
1.400397419929504395e-01 3.121812343597412109e-01
1.628701388835906982e-01 3.191493749618530273e-01
1.924471557140350342e-01 3.281698822975158691e-01
