4.045774042606353760e-01 3.046774864196777344e-01
3.583578169345855713e-01 2.018762826919555664e-01
2.839977443218231201e-01 1.534843444824218750e-01
2.213705480098724365e-01 1.716381907463073730e-01
1.821520030498504639e-01 2.141034007072448730e-01
2.472238838672637939e-01 1.083478629589080811e-01
1.631402969360351562e-01 6.439632177352905273e-02
1.125894784927368164e-01 2.852353453636169434e-02
7.195925712585449219e-02 0.000000000000000000e+00
2.341952025890350342e-01 1.702851653099060059e-01
1.221081912517547607e-01 1.660528182983398438e-01
5.349043011665344238e-02 1.601132154464721680e-01
0.000000000000000000e+00 1.594964861869812012e-01
2.313329875469207764e-01 2.423197031021118164e-01
1.375771462917327881e-01 2.466608881950378418e-01
1.623460948467254639e-01 2.490152120590209961e-01
1.932039558887481689e-01 2.539922595024108887e-01
2.359981834888458252e-01 3.143156766891479492e-01
1.588488221168518066e-01 2.997834086418151855e-01
1.782776415348052979e-01 2.990242838859558105e-01
2.073946297168731689e-01 3.035047650337219238e-01
