4.245814681053161621e-01 2.640639245510101318e-01
3.668919801712036133e-01 1.687037050724029541e-01
2.889307141304016113e-01 1.321922242641448975e-01
2.260358333587646484e-01 1.566397845745086670e-01
1.862334012985229492e-01 1.998658478260040283e-01
2.432903051376342773e-01 8.712425827980041504e-02
1.510022878646850586e-01 5.675610899925231934e-02
9.847360849380493164e-02 2.682498097419738770e-02
5.561083555221557617e-02 0.000000000000000000e+00
2.395363450050354004e-01 1.456328332424163818e-01
1.225512921810150146e-01 1.566994488239288330e-01
5.306717753410339355e-02 1.583761274814605713e-01
0.000000000000000000e+00 1.615756452083587646e-01
2.443007826805114746e-01 2.160084545612335205e-01
1.391902565956115723e-01 2.365215122699737549e-01
1.646610796451568604e-01 2.406530082225799561e-01
1.967450976371765137e-01 2.411312758922576904e-01
2.564657926559448242e-01 2.867116630077362061e-01
1.687766313552856445e-01 2.932935059070587158e-01
1.868413686752319336e-01 2.934621870517730713e-01
2.163381576538085938e-01 2.910149991512298584e-01
