3.403358757495880127e-01 3.253093659877777100e-01
2.870904505252838135e-01 2.223860919475555420e-01
2.112796008586883545e-01 1.764383614063262939e-01
1.529043018817901611e-01 1.984018385410308838e-01
1.149286329746246338e-01 2.425921857357025146e-01
2.004187405109405518e-01 1.431743800640106201e-01
1.232583820819854736e-01 7.981821894645690918e-02
7.956528663635253906e-02 3.826674818992614746e-02
4.335787892341613770e-02 0.000000000000000000e+00
1.963197886943817139e-01 2.029093205928802490e-01
9.626933932304382324e-02 1.792332828044891357e-01
4.119339585304260254e-02 1.709992587566375732e-01
0.000000000000000000e+00 1.684946715831756592e-01
1.929335296154022217e-01 2.721979320049285889e-01
8.268776535987854004e-02 2.757821381092071533e-01
1.048029959201812744e-01 2.805550992488861084e-01
1.392192542552947998e-01 2.826797664165496826e-01
1.918387711048126221e-01 3.387981951236724854e-01
1.001339852809906006e-01 3.390186131000518799e-01
1.159481108188629150e-01 3.390812575817108154e-01
1.469966471195220947e-01 3.371088802814483643e-01
