8.358937469369898121e-01 1.000000000000000000e+00
9.751715811547837509e-01 8.006092885857344355e-01
9.032528379512484440e-01 6.257932074651988419e-01
6.909212903660046923e-01 5.262259182507488253e-01
4.637329076143541506e-01 4.897565001093113768e-01
9.153424997528558649e-01 5.090336564341305658e-01
9.127099410850365580e-01 2.928385217291747944e-01
9.518033111008747937e-01 1.576756057545103951e-01
1.000000000000000000e+00 5.464632233622394863e-02
7.171480193761029520e-01 5.094331119205971481e-01
5.144797036793983258e-01 2.543080028541332416e-01
3.730795846295256180e-01 1.066568543006407854e-01
2.677848099934585502e-01 0.000000000000000000e+00
5.027450881410762129e-01 5.494478024769599012e-01
1.454246778186529809e-01 3.798825875198013069e-01
1.121891504760943181e-01 4.618930103127817377e-01
1.661763747000090385e-01 5.350602668317860910e-01
3.017539874345593898e-01 6.183584926839741369e-01
9.205121247878240640e-03 5.065910155266976078e-01
0.000000000000000000e+00 5.674400949735510791e-01
6.596667024236956001e-02 6.214222910717639436e-01
