1.982195377349853516e-01 3.754339814186096191e-01
1.410997509956359863e-01 2.972422242164611816e-01
7.786059379577636719e-02 2.519903182983398438e-01
2.972435951232910156e-02 2.382419109344482422e-01
4.688322544097900391e-03 2.443581819534301758e-01
1.016138792037963867e-01 1.802697777748107910e-01
7.479745149612426758e-02 1.089105010032653809e-01
6.256443262100219727e-02 5.282494425773620605e-02
5.886298418045043945e-02 0.000000000000000000e+00
1.119270920753479004e-01 2.133421897888183594e-01
0.000000000000000000e+00 2.366301417350769043e-01
4.970014095306396484e-03 2.618734240531921387e-01
3.582268953323364258e-02 2.595334649085998535e-01
1.156147718429565430e-01 2.759888768196105957e-01
4.916191101074218750e-04 3.052089810371398926e-01
1.354545354843139648e-02 3.221896886825561523e-01
5.019187927246093750e-02 3.176212310791015625e-01
1.159863471984863281e-01 3.453710675239562988e-01
2.051264047622680664e-02 3.559742569923400879e-01
2.472448348999023438e-02 3.663947582244873047e-01
5.181354284286499023e-02 3.654279112815856934e-01
