9.777188301086425781e-02 3.913639783859252930e-01
9.308111667633056641e-02 3.118456006050109863e-01
1.030860543251037598e-01 2.211635708808898926e-01
1.268432140350341797e-01 1.557839512825012207e-01
1.733728051185607910e-01 1.187113523483276367e-01
7.623100280761718750e-02 1.906116008758544922e-01
9.361422061920166016e-02 1.047659516334533691e-01
1.157104969024658203e-01 4.874095320701599121e-02
1.446754336357116699e-01 0.000000000000000000e+00
6.201875209808349609e-02 2.206565141677856445e-01
6.573188304901123047e-02 1.362756490707397461e-01
8.776783943176269531e-02 1.010168194770812988e-01
1.111556887626647949e-01 7.748609781265258789e-02
4.914683103561401367e-02 2.727717757225036621e-01
2.425968647003173828e-02 2.531884908676147461e-01
2.495455741882324219e-02 2.902802228927612305e-01
2.704149484634399414e-02 3.162043690681457520e-01
3.565448522567749023e-02 3.346129059791564941e-01
1.308321952819824219e-04 3.336955904960632324e-01
0.000000000000000000e+00 3.528773784637451172e-01
2.660036087036132812e-03 3.664845228195190430e-01
