1.870661077136291373e-01 1.000000000000000000e+00
6.543119927142869441e-02 8.093128114769908565e-01
0.000000000000000000e+00 6.256236379828534755e-01
8.174674048432740286e-03 5.685102319721255792e-01
1.041127722313456849e-01 6.420102518081568510e-01
3.406096294624262888e-01 3.805251213075911965e-01
5.168165705336373872e-01 1.911761124935532907e-01
6.377659243371802678e-01 8.421325512009006364e-02
7.544953503292498587e-01 0.000000000000000000e+00
4.652210504071940256e-01 4.940828434745613285e-01
6.761957819744143228e-01 3.637594340848681052e-01
8.450134234046658976e-01 2.898298615718618576e-01
1.000000000000000000e+00 2.258784967845109404e-01
5.176759622413832362e-01 6.485357588923560401e-01
5.006467096814534168e-01 6.189813035145342868e-01
3.056388093234300718e-01 6.752581762068856630e-01
1.767965368943753279e-01 7.179427162777208826e-01
4.963277154579104899e-01 8.104140532125478913e-01
4.302515486425029234e-01 7.952977661892794981e-01
2.801103742968238941e-01 8.112875225891356123e-01
1.764739118679960750e-01 8.293789407012105430e-01
