5.557876825332641602e-02 4.379339218139648438e-01
1.731574535369873047e-02 3.569492697715759277e-01
0.000000000000000000e+00 2.734654545783996582e-01
9.386360645294189453e-03 2.494806051254272461e-01
4.314506053924560547e-02 2.829260230064392090e-01
1.145470142364501953e-01 1.647126674652099609e-01
1.707121729850769043e-01 8.360713720321655273e-02
2.098835706710815430e-01 3.739964962005615234e-02
2.471467852592468262e-01 0.000000000000000000e+00
1.544232964515686035e-01 2.141401171684265137e-01
2.245551347732543945e-01 1.559112071990966797e-01
2.783128619194030762e-01 1.236649155616760254e-01
3.270915150642395020e-01 9.567224979400634766e-02
1.712208986282348633e-01 2.816153764724731445e-01
1.744982004165649414e-01 2.664185166358947754e-01
1.092639565467834473e-01 2.936705946922302246e-01
6.514018774032592773e-02 3.131304979324340820e-01
1.659053564071655273e-01 3.531351685523986816e-01
1.469790935516357422e-01 3.469207882881164551e-01
9.693062305450439453e-02 3.572134971618652344e-01
6.211060285568237305e-02 3.653998374938964844e-01
