5.332070589065551758e-02 4.378479719161987305e-01
1.582679152488708496e-02 3.535239100456237793e-01
0.000000000000000000e+00 2.702962160110473633e-01
8.457303047180175781e-03 2.482578754425048828e-01
4.211011528968811035e-02 2.794092297554016113e-01
1.166771054267883301e-01 1.636382937431335449e-01
1.719359755516052246e-01 8.374923467636108398e-02
2.106167078018188477e-01 3.771018981933593750e-02
2.476155161857604980e-01 0.000000000000000000e+00
1.551537513732910156e-01 2.155078053474426270e-01
2.278469800949096680e-01 1.567782163619995117e-01
2.818477153778076172e-01 1.251999735832214355e-01
3.306596875190734863e-01 9.696191549301147461e-02
1.708758473396301270e-01 2.841537594795227051e-01
1.792773604393005371e-01 2.663334012031555176e-01
1.143865585327148438e-01 2.924266457557678223e-01
6.937390565872192383e-02 3.112431168556213379e-01
1.652206182479858398e-01 3.556127548217773438e-01
1.519687771797180176e-01 3.434668183326721191e-01
1.015194058418273926e-01 3.523302674293518066e-01
6.466102600097656250e-02 3.601108789443969727e-01
