1.734003252451715160e-01 1.000000000000000000e+00
4.766317602563851369e-02 8.352298071243499100e-01
0.000000000000000000e+00 6.667643106142512321e-01
4.296785751982342555e-02 6.487809079187157879e-01
1.417467403091977607e-01 6.966129841617433316e-01
3.185314087636853531e-01 4.207965608664182566e-01
4.640439688130792995e-01 2.180029773175005681e-01
5.656570242028363671e-01 9.834891313661504875e-02
6.684914770259402506e-01 0.000000000000000000e+00
4.568168380228605496e-01 5.182985528591979030e-01
6.696263790460658116e-01 3.806964602996104619e-01
8.439493843039781451e-01 3.107151868129546801e-01
1.000000000000000000e+00 2.512983343009188020e-01
5.226338693993985984e-01 6.537593117732913850e-01
5.527746252721663645e-01 6.192878525033485015e-01
3.645167045434377640e-01 6.867947987754486894e-01
2.276363120074501867e-01 7.357381035578750561e-01
5.286881746945806260e-01 7.984268928806312893e-01
4.867741414209346695e-01 7.928118763206385422e-01
3.337880414019729347e-01 8.224536788633269868e-01
2.148602108956198520e-01 8.446851245185327262e-01
