3.679196686906102687e-01 1.000000000000000000e+00
1.798083758081439332e-01 8.542107096258769738e-01
3.968691103088765187e-02 6.951486552792586204e-01
0.000000000000000000e+00 6.355183462678098971e-01
1.032305106153193763e-01 6.945224879023756959e-01
3.561855206794968254e-01 4.662932056834910299e-01
4.512978060163528315e-01 2.393398082323556775e-01
5.109415221654796113e-01 1.081777662644376053e-01
5.841280517268447880e-01 0.000000000000000000e+00
5.339918561947905040e-01 5.448658548765653586e-01
6.990251230124804316e-01 4.367324391460765121e-01
8.535368244228733747e-01 3.642642643899102750e-01
1.000000000000000000e+00 3.002715842602465268e-01
6.230238623208319559e-01 6.626431806481525300e-01
4.758564172654678459e-01 6.808842803118715370e-01
2.923462264790773757e-01 7.400655849957959997e-01
1.941375960919497490e-01 7.762649450689946828e-01
6.242519336902476734e-01 7.857951695095937161e-01
4.120757926317125674e-01 8.167082089311814563e-01
2.362003898944722291e-01 8.437548620468273697e-01
1.381910013557363370e-01 8.551643058773841233e-01
