1.000000000000000000e+00 1.000000000000000000e+00
7.206521884199782457e-01 8.059491063443269265e-01
4.563868399073620630e-01 6.124737493315617343e-01
2.575939146126705048e-01 4.884462764285715797e-01
9.383277828782803087e-02 4.051218229434210283e-01
6.262837988293117331e-01 5.093071832215206873e-01
4.405850772017839145e-01 2.820047488203274999e-01
3.768020247160908665e-01 1.349097574711368153e-01
3.402866802425107418e-01 0.000000000000000000e+00
7.144043264749330158e-01 5.793072101672669394e-01
4.112054801641183421e-01 4.593402162567606362e-01
2.779745393215964921e-01 3.880031903763512258e-01
1.925601658322837750e-01 3.215907445771073458e-01
7.069619635194263063e-01 6.897488827926179233e-01
9.882221708659763570e-02 6.483537251391808809e-01
8.562756434886876003e-03 7.358273336179783630e-01
6.920519497305084589e-02 7.949404217303235320e-01
6.519822535292394416e-01 8.192239282145724610e-01
1.204328160791566793e-01 7.900525858485349939e-01
0.000000000000000000e+00 8.407953453428074209e-01
2.637982252124357330e-02 8.804727116753713334e-01
