1.000000000000000000e+00 1.000000000000000000e+00
9.064099208867424373e-01 7.863670625540705172e-01
6.967932787221451374e-01 6.210643504033210860e-01
4.628950742899521353e-01 5.766466585357146180e-01
2.867955137159799439e-01 5.924931675440756607e-01
6.620010307211526834e-01 5.085279406968873372e-01
4.510311930102466893e-01 2.868703438590864407e-01
3.545155967352977555e-01 1.308067368235051875e-01
2.909632823427891202e-01 0.000000000000000000e+00
6.225449881701845545e-01 6.013998452879425471e-01
3.265378932731749506e-01 4.702545559656916008e-01
1.401232952417648669e-01 3.838236869072431112e-01
0.000000000000000000e+00 3.097296907014811529e-01
5.608211795473435624e-01 7.229413059971988575e-01
1.802947199594156502e-01 6.467843173721792294e-01
2.179544811626387413e-01 7.092248564601131289e-01
3.191921061214662569e-01 7.541191946088484643e-01
5.031797448332167022e-01 8.521895381709589934e-01
1.842965328133232272e-01 7.905651877824867446e-01
2.179699028502731228e-01 8.295183997900380524e-01
3.157516887323395527e-01 8.628331535701233568e-01
