3.746329545974731445e-01 4.650777578353881836e-01
3.374125957489013672e-01 3.436878919601440430e-01
2.673623561859130859e-01 2.718034982681274414e-01
2.011502981185913086e-01 2.745396494865417480e-01
1.543065905570983887e-01 3.044014573097229004e-01
2.447667717933654785e-01 2.229030728340148926e-01
1.840598583221435547e-01 1.246429085731506348e-01
1.495255827903747559e-01 5.496680736541748047e-02
1.223480701446533203e-01 0.000000000000000000e+00
2.288076877593994141e-01 2.848184704780578613e-01
1.197073459625244141e-01 2.308776974678039551e-01
5.331015586853027344e-02 1.964064240455627441e-01
0.000000000000000000e+00 1.744965314865112305e-01
2.153604626655578613e-01 3.599397540092468262e-01
1.041712760925292969e-01 3.205705881118774414e-01
1.298457384109497070e-01 3.306206464767456055e-01
1.628485321998596191e-01 3.447585105895996094e-01
2.086685299873352051e-01 4.324448108673095703e-01
1.276794672012329102e-01 3.872907757759094238e-01
1.456602811813354492e-01 3.878877162933349609e-01
1.726855635643005371e-01 3.952451348304748535e-01
