7.915331784399910475e-01 1.000000000000000000e+00
9.513426473683457285e-01 7.978715898138397655e-01
8.894964740308437534e-01 6.212522254894961016e-01
6.812838573755182203e-01 5.298034318275117727e-01
4.479282504613083526e-01 4.998178891427347281e-01
9.184509031017493719e-01 5.095827123529726999e-01
9.309555774885618362e-01 2.935792954736109461e-01
9.624610467765633004e-01 1.569041210041587087e-01
1.000000000000000000e+00 5.204410373569885728e-02
6.949970267834701954e-01 5.175253114569761115e-01
4.807378481268735904e-01 2.668501347564566917e-01
3.500924660123546639e-01 1.140878505006514693e-01
2.502193641199176866e-01 0.000000000000000000e+00
4.578941453177459153e-01 5.622036863922751371e-01
1.470800152849894571e-01 3.818210695289770973e-01
1.651297895861813803e-01 4.552726810287897052e-01
2.337103494500060163e-01 5.267214914237777768e-01
2.405133958219666523e-01 6.319065472896996383e-01
0.000000000000000000e+00 4.982204450532778939e-01
3.616575631067762975e-02 5.494372411962089586e-01
1.210313689669758469e-01 6.027630930176521851e-01
