1.000000000000000000e+00 1.000000000000000000e+00
8.965020555720102369e-01 7.152427144793979119e-01
7.110791150766039292e-01 5.618850713578695810e-01
5.468092222271034863e-01 5.851076005761770560e-01
4.293353721357683894e-01 6.660587553133361371e-01
6.255630680103111407e-01 4.564541914386821553e-01
4.453189502340418326e-01 2.588995109134408779e-01
3.391151049468357215e-01 1.164048141673053177e-01
2.569891574067906803e-01 0.000000000000000000e+00
5.810687557305890261e-01 6.015416715466890274e-01
3.010853930386895305e-01 5.106770666858467811e-01
1.306062697426318975e-01 4.590935030499000979e-01
0.000000000000000000e+00 4.269223516177132471e-01
5.555582638813111318e-01 7.734580868130475073e-01
2.877204195322564106e-01 7.140341798652800609e-01
3.544062649243314156e-01 7.404252961959689738e-01
4.421788354734618176e-01 7.723827376461999128e-01
5.517141103929323886e-01 9.466324979557233510e-01
3.496985019336973366e-01 8.682593281974055888e-01
4.016546610679904705e-01 8.771272925578331714e-01
4.792582084708556511e-01 9.025865107139293686e-01
