4.266780018806457520e-01 3.242566287517547607e-01
3.367621898651123047e-01 2.915476262569427490e-01
2.587344050407409668e-01 2.438541948795318604e-01
2.035316228866577148e-01 2.289297282695770264e-01
1.615912318229675293e-01 2.375036180019378662e-01
2.313381433486938477e-01 1.329337060451507568e-01
1.362903118133544922e-01 7.944437861442565918e-02
8.204311132431030273e-02 3.737369179725646973e-02
3.855416178703308105e-02 0.000000000000000000e+00
2.288436889648437500e-01 1.398757398128509521e-01
1.138508319854736328e-01 8.704188466072082520e-02
4.741865396499633789e-02 4.967257380485534668e-02
0.000000000000000000e+00 1.403212547302246094e-02
2.300602793693542480e-01 1.783755719661712646e-01
1.062643527984619141e-01 1.972315013408660889e-01
1.268728971481323242e-01 2.684660851955413818e-01
1.618149280548095703e-01 3.051733672618865967e-01
2.355867028236389160e-01 2.399817407131195068e-01
1.420454978942871094e-01 2.666243016719818115e-01
1.510180830955505371e-01 3.197030127048492432e-01
1.779409050941467285e-01 3.514936864376068115e-01
