1.000000000000000000e+00 8.275789545532296065e-01
7.757485044208145553e-01 9.982559851186169064e-01
5.931444810507019438e-01 1.000000000000000000e+00
4.699723229159055160e-01 9.950354271654320293e-01
4.257858872816729923e-01 9.555186773858238558e-01
4.827726433706844289e-01 4.103755624925987666e-01
2.684420348560759839e-01 2.683813370876699245e-01
1.423275649355119077e-01 1.596999957237404677e-01
3.993181863911560159e-02 5.844043170484598815e-02
5.298631342510666808e-01 3.161843676398994885e-01
2.678602442276309392e-01 1.810389419218168261e-01
1.143612402214166796e-01 9.046858758437388570e-02
0.000000000000000000e+00 0.000000000000000000e+00
5.938025200072435394e-01 3.260571818133972122e-01
3.327426735417242654e-01 5.055211033407455146e-01
3.952264575344467956e-01 7.992131682477862098e-01
4.810749266904095212e-01 9.448736694254022961e-01
6.650641280209428352e-01 4.486452069709608859e-01
4.546270821353344260e-01 6.079387524506256746e-01
4.839096171380825595e-01 8.412212503782845463e-01
5.559204708757862212e-01 9.867962263654425081e-01
