4.667447805404663086e-01 1.848293840885162354e-01
4.048315286636352539e-01 2.544195353984832764e-01
3.196979165077209473e-01 2.852112948894500732e-01
2.639435529708862305e-01 2.764672338962554932e-01
2.451222538948059082e-01 2.424356043338775635e-01
2.178636193275451660e-01 1.721942126750946045e-01
1.320031881332397461e-01 1.634472310543060303e-01
8.278340101242065430e-02 1.539230048656463623e-01
4.145282506942749023e-02 1.416569650173187256e-01
2.323489785194396973e-01 1.171465814113616943e-01
1.189414262771606445e-01 5.651161074638366699e-02
5.064862966537475586e-02 2.714964747428894043e-02
0.000000000000000000e+00 0.000000000000000000e+00
2.699855566024780273e-01 7.288393378257751465e-02
1.961069703102111816e-01 7.977613806724548340e-02
2.373675704002380371e-01 1.483813822269439697e-01
2.775041460990905762e-01 1.898920834064483643e-01
3.214375972747802734e-01 4.476603865623474121e-02
2.503989338874816895e-01 6.463941931724548340e-02
2.827484607696533203e-01 1.277554929256439209e-01
3.232554793357849121e-01 1.703556478023529053e-01
