4.831625521183013916e-01 1.685827970504760742e-01
4.317745268344879150e-01 2.522431612014770508e-01
3.541205227375030518e-01 2.955381870269775391e-01
3.098152577877044678e-01 2.708688378334045410e-01
2.867434918880462646e-01 2.192319631576538086e-01
2.108480632305145264e-01 1.990879178047180176e-01
1.142382919788360596e-01 2.032717466354370117e-01
5.559805035591125488e-02 2.022132873535156250e-01
2.605140209197998047e-03 1.967612504959106445e-01
2.229127585887908936e-01 1.175192594528198242e-01
1.161026656627655029e-01 6.598973274230957031e-02
5.240246653556823730e-02 3.543394804000854492e-02
0.000000000000000000e+00 5.923569202423095703e-03
2.615375816822052002e-01 5.323770642280578613e-02
1.953202784061431885e-01 3.650057315826416016e-02
2.550545036792755127e-01 8.840525150299072266e-02
3.046075403690338135e-01 1.230398416519165039e-01
3.170901238918304443e-01 1.860678195953369141e-03
2.678801715373992920e-01 0.000000000000000000e+00
3.142214119434356689e-01 4.923981428146362305e-02
3.570485413074493408e-01 8.273583650588989258e-02
