4.978033304214477539e-01 1.985169053077697754e-01
4.397822618484497070e-01 2.786381244659423828e-01
3.559183478355407715e-01 3.008807897567749023e-01
3.156933188438415527e-01 2.384352087974548340e-01
2.963177561759948730e-01 1.818050146102905273e-01
2.160324454307556152e-01 2.317196726799011230e-01
1.168698668479919434e-01 2.376176118850708008e-01
5.513459444046020508e-02 2.387329936027526855e-01
0.000000000000000000e+00 2.380604147911071777e-01
2.257142066955566406e-01 1.435093283653259277e-01
1.187017560005187988e-01 9.149870276451110840e-02
5.440950393676757812e-02 6.028690934181213379e-02
8.798837661743164062e-04 3.330311179161071777e-02
2.644806504249572754e-01 7.559257745742797852e-02
1.910194158554077148e-01 4.301401972770690918e-02
2.568184137344360352e-01 9.172117710113525391e-02
3.092809915542602539e-01 1.280133724212646484e-01
3.231623172760009766e-01 1.807200908660888672e-02
2.723380327224731445e-01 0.000000000000000000e+00
3.178850412368774414e-01 4.447790980339050293e-02
3.595726490020751953e-01 7.893830537796020508e-02
