0.000000000000000000e+00 9.369301795959472656e-02
3.326621651649475098e-02 1.558926403522491455e-01
8.588540554046630859e-02 1.721874773502349854e-01
1.148554086685180664e-01 1.211312711238861084e-01
1.312270760536193848e-01 6.738221645355224609e-02
1.694124937057495117e-01 1.711629927158355713e-01
2.330415248870849609e-01 1.958180963993072510e-01
2.741579413414001465e-01 2.068427503108978271e-01
3.102799952030181885e-01 2.137818634510040283e-01
1.759344339370727539e-01 1.129689216613769531e-01
2.573534250259399414e-01 1.128823757171630859e-01
3.101628124713897705e-01 1.077688038349151611e-01
3.542586863040924072e-01 1.042743623256683350e-01
1.618786752223968506e-01 5.777701735496520996e-02
2.024328112602233887e-01 4.882439970970153809e-02
1.527785658836364746e-01 5.850857496261596680e-02
1.127815544605255127e-01 6.547760963439941406e-02
1.350912749767303467e-01 7.794499397277832031e-03
1.658111512660980225e-01 0.000000000000000000e+00
1.303254663944244385e-01 1.836222410202026367e-02
9.731647372245788574e-02 3.211283683776855469e-02
