0.000000000000000000e+00 1.098135709762573242e-01
4.048214852809906006e-02 1.757424175739288330e-01
9.700883924961090088e-02 1.990654766559600830e-01
1.243651360273361206e-01 1.561984717845916748e-01
1.307705193758010864e-01 1.024362444877624512e-01
1.822739094495773315e-01 1.606414616107940674e-01
2.463251501321792603e-01 1.794475615024566650e-01
2.882358282804489136e-01 1.869920194149017334e-01
3.257211595773696899e-01 1.909637749195098877e-01
1.803020983934402466e-01 1.009624600410461426e-01
2.614517360925674438e-01 9.074878692626953125e-02
3.120969682931900024e-01 8.449113368988037109e-02
3.536030799150466919e-01 7.865613698959350586e-02
1.575198024511337280e-01 4.711014032363891602e-02
1.972905546426773071e-01 5.065593123435974121e-02
1.460326462984085083e-01 7.840809226036071777e-02
1.048464924097061157e-01 9.296581149101257324e-02
1.208557337522506714e-01 0.000000000000000000e+00
1.521911174058914185e-01 1.271542906761169434e-02
1.158247441053390503e-01 4.455074667930603027e-02
8.138798177242279053e-02 6.140327453613281250e-02
