0.000000000000000000e+00 1.198613643646240234e-01
4.293788969516754150e-02 1.826516985893249512e-01
1.021256297826766968e-01 2.072680592536926270e-01
1.314911097288131714e-01 1.658739447593688965e-01
1.346709281206130981e-01 1.107224524021148682e-01
1.849806159734725952e-01 1.448111534118652344e-01
2.538019567728042603e-01 1.604762673377990723e-01
2.973365336656570435e-01 1.664184331893920898e-01
3.357929736375808716e-01 1.696003675460815430e-01
1.776529103517532349e-01 8.881416916847229004e-02
2.587284892797470093e-01 7.673469185829162598e-02
3.097256273031234741e-01 7.331088185310363770e-02
3.522331863641738892e-01 6.842792034149169922e-02
1.507830470800399780e-01 4.032281041145324707e-02
1.923121362924575806e-01 5.006289482116699219e-02
1.465031355619430542e-01 8.683758974075317383e-02
1.082604974508285522e-01 1.047730445861816406e-01
1.108172088861465454e-01 0.000000000000000000e+00
1.446409076452255249e-01 1.960492134094238281e-02
1.141983717679977417e-01 5.673566460609436035e-02
8.324773609638214111e-02 7.353794574737548828e-02
