0.000000000000000000e+00 1.387560963630676270e-01
4.832324385643005371e-02 1.790571808815002441e-01
1.121194213628768921e-01 1.931654810905456543e-01
1.475776880979537964e-01 1.700084805488586426e-01
1.460068672895431519e-01 1.290646791458129883e-01
1.807154864072799683e-01 1.094850599765777588e-01
2.505833357572555542e-01 1.123653352260589600e-01
2.943344265222549438e-01 1.100654304027557373e-01
3.319219499826431274e-01 1.062675714492797852e-01
1.641424745321273804e-01 5.920523405075073242e-02
2.418778687715530396e-01 4.509910941123962402e-02
2.934116274118423462e-01 4.888617992401123047e-02
3.355202823877334595e-01 5.081909894943237305e-02
1.333150118589401245e-01 2.070975303649902344e-02
1.770955175161361694e-01 6.762051582336425781e-02
1.383696645498275757e-01 1.119780540466308594e-01
1.050580292940139771e-01 1.291898488998413086e-01
9.409324824810028076e-02 0.000000000000000000e+00
1.239450722932815552e-01 5.766868591308593750e-02
9.719412028789520264e-02 9.476891160011291504e-02
7.030676305294036865e-02 1.042470932006835938e-01
