9.728068113327026367e-02 4.017895460128784180e-01
1.281531453132629395e-01 3.213418722152709961e-01
1.252084374427795410e-01 2.465560436248779297e-01
1.013683676719665527e-01 2.040688991546630859e-01
7.270807027816772461e-02 1.835629940032958984e-01
1.263724565505981445e-01 2.070449590682983398e-01
1.375549435615539551e-01 1.176221370697021484e-01
1.426377296447753906e-01 5.776119232177734375e-02
1.485165953636169434e-01 1.283794641494750977e-02
8.721554279327392578e-02 2.124938964843750000e-01
5.559384822845458984e-02 1.118427515029907227e-01
3.512853384017944336e-02 4.794919490814208984e-02
2.009850740432739258e-02 0.000000000000000000e+00
5.080890655517578125e-02 2.326636910438537598e-01
1.945465803146362305e-02 1.594849824905395508e-01
2.782726287841796875e-02 1.858258247375488281e-01
3.833103179931640625e-02 2.161471843719482422e-01
2.163094282150268555e-02 2.618089914321899414e-01
0.000000000000000000e+00 2.067442536354064941e-01
8.051276206970214844e-03 2.239400744438171387e-01
1.938724517822265625e-02 2.458761334419250488e-01
