0.000000000000000000e+00 6.519562080215944855e-01
2.040151518519283669e-01 8.976408786252725314e-01
3.896445144443709263e-01 9.057024955856282089e-01
5.182386098523646956e-01 9.085216989623251527e-01
6.258589642108669526e-01 1.000000000000000000e+00
5.218192054613192132e-01 1.297443587282025301e-01
7.156521747468030936e-01 2.374687820389064230e-01
8.561133671065835893e-01 2.923388721247078825e-01
9.674338213483446580e-01 2.999736415944455059e-01
4.667307858090286588e-01 1.869419224710255813e-03
7.199679264822953506e-01 9.841558654504774240e-02
8.725020141830914788e-01 2.102614418841235178e-01
1.000000000000000000e+00 2.413118199377095319e-01
3.851016087053503179e-01 0.000000000000000000e+00
5.697964670492023931e-01 4.899033201893926437e-01
4.617137854325596980e-01 7.190786370853069487e-01
3.703775663891569758e-01 7.246743767206793585e-01
2.898513849726033764e-01 1.408693689762448298e-01
4.290683730935647144e-01 5.931087315083443112e-01
3.496606157058950171e-01 7.482770506442822933e-01
2.708344283533522523e-01 7.061977515134044703e-01
