0.000000000000000000e+00 1.124601364135742188e-01
6.455138325691223145e-02 8.225566148757934570e-02
1.380051970481872559e-01 6.517297029495239258e-02
1.918382644653320312e-01 8.707439899444580078e-02
2.259895801544189453e-01 1.160836219787597656e-01
1.685335040092468262e-01 0.000000000000000000e+00
2.512357532978057861e-01 6.983548402786254883e-03
3.050252497196197510e-01 1.002514362335205078e-02
3.463049232959747314e-01 1.032570004463195801e-02
1.579580307006835938e-01 2.417293190956115723e-02
2.537954747676849365e-01 4.191994667053222656e-02
3.129367828369140625e-01 5.863443017005920410e-02
3.586995303630828857e-01 6.948253512382507324e-02
1.387959122657775879e-01 6.451398134231567383e-02
2.191809713840484619e-01 1.380365490913391113e-01
1.943429410457611084e-01 1.694162487983703613e-01
1.693083643913269043e-01 1.699859499931335449e-01
1.163124144077301025e-01 1.166844367980957031e-01
1.755137741565704346e-01 1.869777441024780273e-01
1.566092669963836670e-01 1.988474130630493164e-01
1.351303458213806152e-01 1.862685680389404297e-01
