0.000000000000000000e+00 6.263970524433445375e-01
1.722543412875761071e-01 3.938574964065689188e-01
3.815507862402097716e-01 3.270716696156066305e-01
5.374617901190353875e-01 4.863803302561239272e-01
6.392561033293083783e-01 6.556611158688180341e-01
4.513444883654887385e-01 1.451081236064843960e-01
6.899295650889725184e-01 1.082917243564834597e-01
8.331641139344136970e-01 5.314788336533782243e-02
9.492292976027368878e-01 0.000000000000000000e+00
4.327518301825918345e-01 2.989201786718074794e-01
7.008387232577384385e-01 4.048386822954196385e-01
8.676044305482746299e-01 4.862879007948933685e-01
1.000000000000000000e+00 5.556364051353054334e-01
3.914924207543630796e-01 5.036361089837663174e-01
6.249733157207779666e-01 7.994683891242591045e-01
5.452018965979473775e-01 8.461091912610774202e-01
4.627968699769779426e-01 8.167519910060475619e-01
3.417257382850583114e-01 7.400711423904144937e-01
5.245038751635453522e-01 9.838842632240150099e-01
4.711056893593625339e-01 1.000000000000000000e+00
4.071172119197490891e-01 9.559203427812590359e-01
