0.000000000000000000e+00 9.015673643251621572e-01
1.173076241912395512e-01 5.933643463897426695e-01
3.019240026987984882e-01 4.431497710856838190e-01
4.705382373441265864e-01 4.866669039159238763e-01
5.811423184671966613e-01 5.837894658416219462e-01
3.755095443442494907e-01 3.598833982334919690e-01
5.936200102467522610e-01 2.067439974377080214e-01
7.284597839329027824e-01 9.085397870126010744e-02
8.365534064853968887e-01 0.000000000000000000e+00
4.101340986338133932e-01 5.376163900111402549e-01
6.852097903098846032e-01 4.963862151521943322e-01
8.648315714135010879e-01 4.919648463197125454e-01
1.000000000000000000e+00 5.083158986346305586e-01
4.138393707292647994e-01 7.515344720048998672e-01
6.323810359628018185e-01 8.275599559049362508e-01
5.694345644547078589e-01 8.499437989807855365e-01
4.869873894704558337e-01 8.539693361578482023e-01
3.970515656205952371e-01 9.717036556988832841e-01
5.702516726598901853e-01 9.999005218026864039e-01
5.213987367978851761e-01 1.000000000000000000e+00
4.557877337121096772e-01 9.911512270469148289e-01
