0.000000000000000000e+00 4.040650725364685059e-01
7.156729698181152344e-03 2.948494553565979004e-01
5.163881182670593262e-02 2.230657935142517090e-01
1.077497005462646484e-01 2.030177116394042969e-01
1.475039124488830566e-01 2.110840082168579102e-01
7.366284728050231934e-02 1.807373166084289551e-01
1.308020353317260742e-01 9.821414947509765625e-02
1.647620201110839844e-01 4.274052381515502930e-02
1.920030415058135986e-01 0.000000000000000000e+00
1.092919409275054932e-01 2.189974784851074219e-01
1.895143389701843262e-01 1.575245857238769531e-01
2.430836856365203857e-01 1.209147572517395020e-01
2.846462726593017578e-01 9.764885902404785156e-02
1.350442171096801758e-01 2.730846405029296875e-01
1.937366425991058350e-01 2.576340436935424805e-01
1.744373142719268799e-01 2.749956846237182617e-01
1.485719084739685059e-01 2.920129299163818359e-01
1.515618264675140381e-01 3.331297636032104492e-01
1.886260211467742920e-01 3.238275647163391113e-01
1.717945635318756104e-01 3.351441025733947754e-01
1.515575349330902100e-01 3.477849960327148438e-01
