2.221371233463287354e-02 4.704492986202239990e-01
0.000000000000000000e+00 3.665979206562042236e-01
1.853254437446594238e-02 2.934553921222686768e-01
5.642734467983245850e-02 2.578858435153961182e-01
9.422500431537628174e-02 2.571183741092681885e-01
5.147819221019744873e-02 2.235117852687835693e-01
9.476546943187713623e-02 1.164114177227020264e-01
1.217589229345321655e-01 4.867115616798400879e-02
1.417982727289199829e-01 0.000000000000000000e+00
9.576041996479034424e-02 2.444310486316680908e-01
1.606274992227554321e-01 1.497616469860076904e-01
2.000187486410140991e-01 9.298297762870788574e-02
2.262018173933029175e-01 5.471560359001159668e-02
1.349993497133255005e-01 2.875292599201202393e-01
1.873725503683090210e-01 2.505286633968353271e-01
1.757460385560989380e-01 2.770538628101348877e-01
1.546721607446670532e-01 3.057461082935333252e-01
1.626975089311599731e-01 3.428427278995513916e-01
2.033802717924118042e-01 3.119396269321441650e-01
1.900334209203720093e-01 3.306482732295989990e-01
1.708213239908218384e-01 3.552770316600799561e-01
