2.210121988254606096e-01 1.000000000000000000e+00
0.000000000000000000e+00 7.816657776772832911e-01
3.614103603365875772e-02 6.028131924091901794e-01
2.690956696826654615e-01 4.987812631959361864e-01
5.046195055203424040e-01 4.650029278672082045e-01
2.988612712994604195e-02 5.072037128834854247e-01
1.365740330703746619e-01 2.634329194701236498e-01
1.983776900701038348e-01 1.136157420693933578e-01
2.423921465575630818e-01 0.000000000000000000e+00
3.155493068961228720e-01 5.160307976843758748e-01
5.272423269532118262e-01 2.809675103369173033e-01
6.696289768169175760e-01 1.412984607921861646e-01
7.666167703216515417e-01 4.101091620985174158e-02
6.121043407628790067e-01 5.670993725860797863e-01
8.052053873443463239e-01 4.501016056887590100e-01
7.656067299985628294e-01 5.076768339995921808e-01
6.813716314716949940e-01 5.729429075557334050e-01
8.703665929574020410e-01 6.482044347042129617e-01
1.000000000000000000e+00 5.665339705068108689e-01
9.403188703326266218e-01 6.065295545486784068e-01
8.692095480311518019e-01 6.612775308899653259e-01
