6.379741430282592773e-02 4.756391346454620361e-01
1.155731081962585449e-02 3.847869932651519775e-01
4.888296127319335938e-03 3.004713356494903564e-01
3.753545880317687988e-02 2.419309914112091064e-01
7.151630520820617676e-02 2.175106704235076904e-01
3.689378499984741211e-03 2.585623562335968018e-01
3.260076045989990234e-04 1.336983144283294678e-01
3.498792648315429688e-05 5.973276495933532715e-02
0.000000000000000000e+00 4.364430904388427734e-03
5.380752682685852051e-02 2.552990019321441650e-01
6.754484772682189941e-02 1.297451555728912354e-01
7.652756571769714355e-02 5.319425463676452637e-02
8.435910940170288086e-02 0.000000000000000000e+00
1.057112812995910645e-01 2.714200317859649658e-01
1.119679510593414307e-01 2.061055600643157959e-01
1.007472872734069824e-01 2.317877113819122314e-01
9.157398343086242676e-02 2.650572955608367920e-01
1.502897143363952637e-01 3.005852997303009033e-01
1.435590088367462158e-01 2.523674070835113525e-01
1.295390427112579346e-01 2.687769830226898193e-01
1.237580776214599609e-01 2.950486242771148682e-01
