6.573206186294555664e-02 4.905318319797515869e-01
2.086225152015686035e-02 3.972037136554718018e-01
1.903623342514038086e-02 3.102277815341949463e-01
4.660177230834960938e-02 2.509880363941192627e-01
8.401760458946228027e-02 2.281362712383270264e-01
0.000000000000000000e+00 2.549141943454742432e-01
4.309654235839843750e-03 1.404748260974884033e-01
3.805100917816162109e-03 6.824567914009094238e-02
4.657328128814697266e-03 1.331225037574768066e-02
3.886339068412780762e-02 2.555961310863494873e-01
6.001508235931396484e-02 1.334770023822784424e-01
7.502102851867675781e-02 5.650320649147033691e-02
8.599627017974853516e-02 0.000000000000000000e+00
8.440738916397094727e-02 2.720183432102203369e-01
1.241390109062194824e-01 1.907427012920379639e-01
1.266889274120330811e-01 2.236115038394927979e-01
1.174117922782897949e-01 2.600599825382232666e-01
1.297326683998107910e-01 3.031298220157623291e-01
1.610881090164184570e-01 2.341649830341339111e-01
1.580337882041931152e-01 2.594556510448455811e-01
1.487089991569519043e-01 2.921551167964935303e-01
