2.653170483168604821e-01 1.000000000000000000e+00
7.587657909320449923e-01 8.513335212637698213e-01
9.046561456876816010e-01 7.133574030507947583e-01
9.952101417466053812e-01 5.988764168159466106e-01
1.000000000000000000e+00 5.201597967771005582e-01
9.408902054546355864e-02 4.690964308913772585e-01
3.065278864879772969e-01 2.889792990538755935e-01
4.339770988722954637e-01 1.504304230563552613e-01
5.037364044980277011e-01 4.316822332844585247e-02
0.000000000000000000e+00 4.707445851199088538e-01
2.508339107480967445e-01 2.396603318627884283e-01
4.156784390309965493e-01 1.091149057004203865e-01
4.923149954868776268e-01 0.000000000000000000e+00
1.418171413066964676e-02 4.984638944562026497e-01
5.880663122159019984e-01 3.337205904456080341e-01
7.991001029118868226e-01 4.576746898341459979e-01
8.078785315270812228e-01 5.633895597976802394e-01
1.575974341858851491e-01 5.502355473645981210e-01
6.942569430255624008e-01 4.492948415675462881e-01
8.093658986638853081e-01 5.457883047491999262e-01
7.758458254382102348e-01 6.366523697619497213e-01
