2.517805397510528564e-01 5.561374425888061523e-01
1.715399920940399170e-01 5.171521902084350586e-01
1.028172671794891357e-01 4.423401951789855957e-01
4.737475514411926270e-02 3.900145888328552246e-01
0.000000000000000000e+00 3.591547012329101562e-01
1.471155583858489990e-01 2.776403427124023438e-01
1.200914680957794189e-01 1.743076145648956299e-01
1.068159639835357666e-01 1.124859452247619629e-01
9.869429469108581543e-02 5.971655249595642090e-02
1.990201175212860107e-01 2.586034536361694336e-01
1.901052892208099365e-01 1.333950161933898926e-01
1.866134107112884521e-01 5.826795101165771484e-02
1.841031014919281006e-01 0.000000000000000000e+00
2.502078711986541748e-01 2.666717767715454102e-01
2.504567801952362061e-01 1.455945968627929688e-01
2.491045892238616943e-01 7.580131292343139648e-02
2.448729574680328369e-01 1.514670252799987793e-02
2.995782792568206787e-01 2.958168983459472656e-01
3.249827325344085693e-01 2.087880969047546387e-01
3.412465751171112061e-01 1.523526310920715332e-01
3.533526360988616943e-01 9.941664338111877441e-02
