1.955765485763549805e-01 5.576412677764892578e-01
1.221429705619812012e-01 5.069977045059204102e-01
6.717675924301147461e-02 4.274162054061889648e-01
2.983576059341430664e-02 3.766041994094848633e-01
0.000000000000000000e+00 3.348124623298645020e-01
1.087421774864196777e-01 2.769784331321716309e-01
9.273475408554077148e-02 1.739340424537658691e-01
8.021485805511474609e-02 1.119344830513000488e-01
6.908506155014038086e-02 5.729874968528747559e-02
1.408473253250122070e-01 2.713414430618286133e-01
1.339894533157348633e-01 1.473127007484436035e-01
1.280153989791870117e-01 6.760188937187194824e-02
1.235955953598022461e-01 0.000000000000000000e+00
1.730981469154357910e-01 2.902479767799377441e-01
1.796393394470214844e-01 1.647256910800933838e-01
1.815690994262695312e-01 8.457067608833312988e-02
1.812585592269897461e-01 1.422086358070373535e-02
2.045233845710754395e-01 3.324630856513977051e-01
2.322179079055786133e-01 2.440568804740905762e-01
2.484915256500244141e-01 1.797197163105010986e-01
2.623425126075744629e-01 1.203314065933227539e-01
