5.090360220199073860e-01 1.000000000000000000e+00
7.197455358280009374e-01 8.565091855799288334e-01
8.422793204276289858e-01 6.865560521684844764e-01
9.206687549476479937e-01 5.320339466100889592e-01
1.000000000000000000e+00 4.359483924669649291e-01
5.385747002630916214e-01 4.668301267116935493e-01
4.940315610732868845e-01 2.363444513306763584e-01
4.521471262208057729e-01 1.037372259141472880e-01
4.163598146283983281e-01 0.000000000000000000e+00
3.885281059485573563e-01 4.907096940552718167e-01
3.065121881265711057e-01 2.616185937309152276e-01
2.389214863470553729e-01 1.299258548854799467e-01
1.888956998591750092e-01 3.942555631454899845e-02
2.786384668237563700e-01 5.517256042668500227e-01
1.990941813840413632e-01 3.484810203887755420e-01
1.425895191407194618e-01 2.240919598467335794e-01
9.922901874722328541e-02 1.329126951455081029e-01
2.043260761764940370e-01 6.386927569406432026e-01
1.101594130935812932e-01 5.314480011580933194e-01
4.770268692226440482e-02 4.619536943628903547e-01
0.000000000000000000e+00 4.097294540223385129e-01
