1.000000000000000000e+00 4.270472908424464142e-01
9.296258764445968215e-01 6.128243735373618550e-01
8.154762170875339278e-01 7.655859149099221161e-01
7.100465450137970480e-01 8.865724547313339476e-01
6.474338149276863685e-01 1.000000000000000000e+00
5.189662859115644622e-01 6.319102711596763511e-01
3.193116479269585972e-01 6.912311097365226864e-01
1.923293866936895968e-01 7.215244922771757441e-01
8.568045382630315454e-02 7.393745864591143580e-01
4.956542877793259638e-01 4.919022478152489941e-01
2.619487992429604950e-01 4.801130467442698557e-01
1.159114278688891109e-01 4.708827904945629417e-01
0.000000000000000000e+00 4.601601164000664879e-01
5.298664873416935039e-01 3.652503932338672099e-01
3.085506593049046065e-01 3.197492207551700383e-01
1.719318850730587878e-01 3.080645031423187019e-01
5.531070162758524450e-02 2.998761923120825124e-01
6.098685860896475575e-01 2.518549602882341754e-01
4.911627187851602128e-01 1.297255912006551326e-01
4.087630799188318731e-01 5.857927125866570911e-02
3.312109278949681990e-01 0.000000000000000000e+00
