6.066769506108058568e-02 1.000000000000000000e+00
3.592761752931393215e-01 9.721542836150054434e-01
6.231802810423990868e-01 8.823011096493543759e-01
8.254542752447968645e-01 7.960844892882942281e-01
1.000000000000000000e+00 7.636512036274535342e-01
4.823450655385729813e-01 5.152629870093393682e-01
5.687084132184122565e-01 3.246943324409252707e-01
6.046246724226514990e-01 2.141625500926299386e-01
6.317265130323932443e-01 1.186201902930116986e-01
3.263179841608652154e-01 4.676100802043812732e-01
3.891421107521092493e-01 2.446442594716779217e-01
4.138400790264071816e-01 1.071976101588471425e-01
4.246226138735740840e-01 0.000000000000000000e+00
1.686107759433409514e-01 4.638445524721351854e-01
2.150104532895835974e-01 2.560982405367480674e-01
2.416917671191624040e-01 1.341588201788336265e-01
2.649982580601084048e-01 3.085576805328833425e-02
0.000000000000000000e+00 4.977673320218716779e-01
2.385672611579748789e-03 3.332081977213821600e-01
8.536283436275717354e-03 2.282828577880487708e-01
2.510868794937345938e-02 1.296543875357965003e-01
