7.956466308707677015e-02 1.000000000000000000e+00
3.749489662594464034e-01 9.792760146657941700e-01
6.395972841671008213e-01 8.882128758871952190e-01
8.326665108721894581e-01 8.012439064528760202e-01
1.000000000000000000e+00 7.640438798816668875e-01
4.931801243814489810e-01 5.131276571904551664e-01
5.733990874421364126e-01 3.219024651917716806e-01
6.053230516344516587e-01 2.098238700476490193e-01
6.283521824393842881e-01 1.141592832716769312e-01
3.348592352701017516e-01 4.657669805103296645e-01
3.874754131085768050e-01 2.431233365872308427e-01
4.041647583684745415e-01 1.062266423994825543e-01
4.077940699023669402e-01 0.000000000000000000e+00
1.774077382711711504e-01 4.631707797704082696e-01
2.174006501749188858e-01 2.541878862658783489e-01
2.359639028247601245e-01 1.352170777656283573e-01
2.515831278632529866e-01 3.530660538227212847e-02
1.123110600635589956e-02 5.002299388762047050e-01
2.556152767718353203e-03 3.385020714527408048e-01
0.000000000000000000e+00 2.355201097208454164e-01
8.306782897449483186e-03 1.386427386326576083e-01
