1.395846194002463292e-01 1.000000000000000000e+00
4.248822956807243867e-01 9.670228204942882266e-01
6.692945648504727840e-01 8.710900348626423595e-01
8.459650774749952751e-01 7.876212425785633631e-01
1.000000000000000000e+00 7.441443102960468847e-01
5.076803837057223268e-01 5.105031661148076161e-01
5.781242855967411165e-01 3.175492276482979048e-01
6.057751022320231327e-01 2.054832728558467214e-01
6.248685836516595371e-01 1.096840950260296876e-01
3.525631226126659801e-01 4.673230858786089348e-01
3.999842659205661843e-01 2.422792732472427990e-01
4.178031334468840785e-01 1.060771178163999046e-01
4.234205518581672378e-01 0.000000000000000000e+00
1.978871920666659123e-01 4.703985034192436077e-01
2.304772278086629489e-01 2.572420467328233040e-01
2.451427348655510208e-01 1.329808854155435649e-01
2.563963027350623647e-01 2.923968275244641368e-02
3.566459040909915335e-02 5.131262351001023569e-01
1.329565820199371529e-02 3.445477560119989402e-01
8.340957772141011041e-04 2.333560491880427301e-01
0.000000000000000000e+00 1.278688428664974119e-01
