7.579562067985534668e-02 5.681605339050292969e-01
1.701438575983047485e-01 5.396107435226440430e-01
2.425581067800521851e-01 4.778825640678405762e-01
2.963381260633468628e-01 4.284632802009582520e-01
3.434865325689315796e-01 4.062522649765014648e-01
1.811115294694900513e-01 2.850628495216369629e-01
1.998007744550704956e-01 1.773404181003570557e-01
2.065824419260025024e-01 1.162950396537780762e-01
2.110243588685989380e-01 6.189909577369689941e-02
1.306680887937545776e-01 2.662301659584045410e-01
1.409941166639328003e-01 1.392694711685180664e-01
1.452405601739883423e-01 6.242224574089050293e-02
1.464846283197402954e-01 0.000000000000000000e+00
8.105717599391937256e-02 2.723351120948791504e-01
8.540792763233184814e-02 1.497623622417449951e-01
8.950725197792053223e-02 7.652306556701660156e-02
9.263332188129425049e-02 1.329046487808227539e-02
2.961972355842590332e-02 3.001681566238403320e-01
1.455646753311157227e-02 2.019105553627014160e-01
5.206301808357238770e-03 1.376150846481323242e-01
0.000000000000000000e+00 7.517012953758239746e-02
