6.082393229007720947e-02 5.665253698825836182e-01
1.512379199266433716e-01 5.359046161174774170e-01
2.177541106939315796e-01 4.734875261783599854e-01
2.696981281042098999e-01 4.252869188785552979e-01
3.115559667348861694e-01 4.047767817974090576e-01
1.590620428323745728e-01 2.847621738910675049e-01
1.768450587987899780e-01 1.779483556747436523e-01
1.832906752824783325e-01 1.190372407436370850e-01
1.877873092889785767e-01 6.580853462219238281e-02
1.130952090024948120e-01 2.666369378566741943e-01
1.233234852552413940e-01 1.405184566974639893e-01
1.291678994894027710e-01 6.213268637657165527e-02
1.315864473581314087e-01 0.000000000000000000e+00
6.775872409343719482e-02 2.723947465419769287e-01
7.106183469295501709e-02 1.515129208564758301e-01
7.858857512474060059e-02 7.715320587158203125e-02
8.468402922153472900e-02 1.467591524124145508e-02
2.020739018917083740e-02 2.978415787220001221e-01
6.955876946449279785e-03 2.010170519351959229e-01
1.678466796875000000e-03 1.356542408466339111e-01
0.000000000000000000e+00 7.368776202201843262e-02
