1.831317193252978981e-01 1.000000000000000000e+00
4.758712932633132331e-01 9.481767346700913368e-01
6.952375383402319420e-01 8.314816393300974440e-01
8.662084293298670801e-01 7.475333185502108790e-01
1.000000000000000000e+00 7.156611118146480877e-01
5.017426194057607036e-01 4.961506383899290107e-01
5.617501755366393068e-01 3.098275671548458288e-01
5.847449315170629713e-01 2.090050445547670666e-01
6.001800157890661014e-01 1.176727876507074472e-01
3.525174819621275657e-01 4.638241107065508295e-01
3.910426211205340619e-01 2.436459553281497548e-01
4.166346263718881948e-01 1.090605927211202864e-01
4.312643236051393880e-01 0.000000000000000000e+00
2.053349986699125607e-01 4.715371641435047168e-01
2.211900253609408173e-01 2.606776303086421054e-01
2.526652711413212571e-01 1.317907580291939329e-01
2.771398916617351937e-01 2.295573353566891794e-02
4.971957386416375052e-02 5.129617872561488268e-01
1.458078319817564250e-02 3.415499435124083050e-01
2.554860479417231985e-03 2.277798577232384991e-01
0.000000000000000000e+00 1.214143011105493497e-01
