4.829701781272888184e-02 5.636839568614959717e-01
1.318656802177429199e-01 5.319320857524871826e-01
1.908184289932250977e-01 4.626875221729278564e-01
2.367747426033020020e-01 4.117081463336944580e-01
2.712739706039428711e-01 3.892396390438079834e-01
1.324029862880706787e-01 2.798534929752349854e-01
1.485587954521179199e-01 1.755433380603790283e-01
1.552966535091400146e-01 1.178632676601409912e-01
1.603379845619201660e-01 6.557294726371765137e-02
9.317481517791748047e-02 2.625375986099243164e-01
1.033817827701568604e-01 1.401070058345794678e-01
1.116216182708740234e-01 6.244978308677673340e-02
1.167424023151397705e-01 0.000000000000000000e+00
5.366313457489013672e-02 2.671228349208831787e-01
5.976480245590209961e-02 1.478172242641448975e-01
6.944683194160461426e-02 7.456502318382263184e-02
7.691165804862976074e-02 1.312923431396484375e-02
1.116684079170227051e-02 2.906937897205352783e-01
1.742959022521972656e-03 1.940649747848510742e-01
0.000000000000000000e+00 1.286725103855133057e-01
1.310586929321289062e-03 6.819492578506469727e-02
