1.503927660723418380e-01 1.000000000000000000e+00
4.887942175526885924e-01 9.325183387359191611e-01
6.960181841721411189e-01 7.987206715711975269e-01
8.559564308800435839e-01 7.110408958849326888e-01
1.000000000000000000e+00 6.719883607803072145e-01
4.705269080601275911e-01 4.923605873365949903e-01
5.356956524313042367e-01 3.147761305776264340e-01
5.692236850335007370e-01 2.145339461751874788e-01
6.012981009421289880e-01 1.191025571009797085e-01
3.272879437713522299e-01 4.660758055035682523e-01
3.626634015737411620e-01 2.528965173083062012e-01
4.031618447431840613e-01 1.174411092386045269e-01
4.380292123546737360e-01 0.000000000000000000e+00
1.832567294280742221e-01 4.801310738366392772e-01
2.027797217961683218e-01 2.712110274777433938e-01
2.497748470645951568e-01 1.404731142733836313e-01
2.900796033704860499e-01 2.316441128765394167e-02
3.130082671473360945e-02 5.312762260709373852e-01
0.000000000000000000e+00 3.686428160679791066e-01
1.447053218457933395e-02 2.566305720399135737e-01
4.207226154444489163e-02 1.470518672257663528e-01
