2.398164570331573486e-02 5.652984678745269775e-01
9.954048693180084229e-02 5.316376388072967529e-01
1.477899402379989624e-01 4.535821378231048584e-01
1.839910000562667847e-01 4.032547771930694580e-01
2.143526226282119751e-01 3.819011747837066650e-01
9.884260594844818115e-02 2.829311192035675049e-01
1.165212839841842651e-01 1.837862730026245117e-01
1.271522194147109985e-01 1.259047687053680420e-01
1.366102248430252075e-01 7.249465584754943848e-02
6.740550696849822998e-02 2.680427730083465576e-01
7.693468034267425537e-02 1.456587314605712891e-01
8.713208138942718506e-02 6.810730695724487305e-02
9.614230692386627197e-02 0.000000000000000000e+00
3.556276857852935791e-02 2.757530510425567627e-01
4.488046467304229736e-02 1.562252640724182129e-01
5.891533195972442627e-02 8.125099539756774902e-02
7.153780758380889893e-02 1.352706551551818848e-02
2.019569277763366699e-03 3.033193647861480713e-01
0.000000000000000000e+00 2.144584357738494873e-01
7.538512349128723145e-03 1.525019109249114990e-01
1.852738857269287109e-02 9.268769621849060059e-02
