7.258433855870369822e-01 1.000000000000000000e+00
8.770454095065538525e-01 8.125641145527402465e-01
9.281497633527472368e-01 6.125586131847353677e-01
9.545649177847037592e-01 4.429579726971739628e-01
1.000000000000000000e+00 3.316210374926547022e-01
6.229565207320494347e-01 4.398223711644667078e-01
5.192988472615061024e-01 2.237934522670478044e-01
4.519185606596783367e-01 9.648181575086811623e-02
3.971784415510882793e-01 0.000000000000000000e+00
4.760249888689573883e-01 4.936786845813230240e-01
3.303513291623021986e-01 2.820011338996732397e-01
2.297355508772291055e-01 1.629414305707455324e-01
1.601123270184505176e-01 8.408211249204425308e-02
3.722736988261575730e-01 5.916461667436125893e-01
2.296287443411838269e-01 3.998333667712738460e-01
1.394824193868018092e-01 2.806279900692584262e-01
7.722369921220528788e-02 1.943578064798154037e-01
3.110127511562129077e-01 7.148010028649294245e-01
1.746025477862736819e-01 6.433099533114462476e-01
7.566052765002458103e-02 5.925891226072539375e-01
0.000000000000000000e+00 5.528808899763827389e-01
