8.587098042726461211e-02 1.000000000000000000e+00
4.626240194984456711e-01 9.325741746476056138e-01
6.812678997651615553e-01 7.879633528967050493e-01
8.519603016931340811e-01 7.006638156547801977e-01
1.000000000000000000e+00 6.590478379429687283e-01
4.568941337002012659e-01 4.971344042608240033e-01
5.339134768540051423e-01 3.232717005363951457e-01
5.854705325169058394e-01 2.221022891466408189e-01
6.311642071746056404e-01 1.295570293942189810e-01
3.134530058783898121e-01 4.759529777373374682e-01
3.590178614324276984e-01 2.613617228596690767e-01
4.107225914542100287e-01 1.214339460197164516e-01
4.548597270830022632e-01 0.000000000000000000e+00
1.611120467507756726e-01 4.934259738870953593e-01
2.046661778881706806e-01 2.827411081129884707e-01
2.811322324328038302e-01 1.539182960401636047e-01
3.506562345316199814e-01 3.785596987119604212e-02
0.000000000000000000e+00 5.450842209612296596e-01
2.891717361534359119e-03 3.864882373437457663e-01
5.656282423968257700e-02 2.776285311000045164e-01
1.276954058718130780e-01 1.710839808266281792e-01
