1.580610871315002441e-03 5.533384382724761963e-01
7.462516427040100098e-02 5.072182714939117432e-01
1.073537170886993408e-01 4.318189322948455811e-01
1.317429542541503906e-01 3.857205212116241455e-01
1.567143499851226807e-01 3.568305671215057373e-01
6.675121188163757324e-02 2.739625275135040283e-01
8.026805520057678223e-02 1.727278530597686768e-01
9.128966927528381348e-02 1.084279417991638184e-01
1.008249223232269287e-01 5.076235532760620117e-02
4.537206888198852539e-02 2.689337432384490967e-01
5.757701396942138672e-02 1.497249901294708252e-01
6.966611742973327637e-02 7.051470875740051270e-02
8.100512623786926270e-02 0.000000000000000000e+00
2.256441116333007812e-02 2.829892933368682861e-01
3.209930658340454102e-02 1.677461266517639160e-01
5.166795849800109863e-02 9.860378503799438477e-02
6.964933872222900391e-02 3.684586286544799805e-02
0.000000000000000000e+00 3.137844502925872803e-01
7.925957441329956055e-03 2.193716466426849365e-01
2.777394652366638184e-02 1.638859808444976807e-01
5.114898085594177246e-02 1.147854030132293701e-01
