0.000000000000000000e+00 1.000000000000000000e+00
5.138758727599420650e-01 8.975820540715226947e-01
6.902240524246613385e-01 7.553488915022263939e-01
8.214564754694614335e-01 6.722233996658623090e-01
1.000000000000000000e+00 6.207669232425826467e-01
3.773417115524505538e-01 5.054257724310622368e-01
4.418729962012016288e-01 3.167856845921647735e-01
5.189968933994583145e-01 1.936118369343618195e-01
5.985482497134839708e-01 8.981225033722679829e-02
2.390409951069487060e-01 4.995289424457539096e-01
3.164846711334843299e-01 2.667487085899613031e-01
4.387556189264301687e-01 1.192604094695090405e-01
5.617249819178854464e-01 0.000000000000000000e+00
1.125495056173720920e-01 5.249800408618332526e-01
2.456154239919091653e-01 3.077639565651987819e-01
4.318330186665451098e-01 1.755219773192849553e-01
5.922904909838121457e-01 6.538486040297621094e-02
2.604342608922720348e-02 5.786004504402758597e-01
2.033803710097591699e-01 4.190974202984127928e-01
3.603293949900626125e-01 3.166521341820112134e-01
5.117080914613042486e-01 2.243388974353675569e-01
