0.000000000000000000e+00 1.000000000000000000e+00
5.843469401604388658e-01 8.817703206229405843e-01
7.201764309848490697e-01 7.489525427381579226e-01
8.469961908265530859e-01 6.720754996977968965e-01
1.000000000000000000e+00 6.118470866601998237e-01
2.241617318256173552e-01 5.181837749710407337e-01
4.030759120229157610e-01 3.032941604727056317e-01
5.758952807680494113e-01 1.689104766606350227e-01
7.183316695358987758e-01 6.138582408236330917e-02
1.233400718617625458e-01 5.278832513209767985e-01
3.386170807409047967e-01 2.627393382382903209e-01
5.686508418398326103e-01 1.142402360055347343e-01
7.596213774456929135e-01 0.000000000000000000e+00
1.466670178797208346e-01 5.652967804008960373e-01
4.256157538698916443e-01 3.255155576679560347e-01
7.130971812473658744e-01 1.907895350098863796e-01
9.489873456150752506e-01 8.300910039668586704e-02
2.852799465679936586e-01 6.269199033099164264e-01
5.576289279310813196e-01 4.668654401664191766e-01
7.785415669578759079e-01 3.684267492612176564e-01
9.924968390825124054e-01 2.866322140374693572e-01
