0.000000000000000000e+00 5.356366038322448730e-01
6.268820166587829590e-02 4.244890213012695312e-01
8.823162317276000977e-02 3.474364280700683594e-01
1.119832098484039307e-01 2.935803532600402832e-01
1.317045688629150391e-01 2.333301007747650146e-01
3.371787071228027344e-02 2.624396979808807373e-01
6.109607219696044922e-02 1.557235121726989746e-01
8.344021439552307129e-02 8.536452054977416992e-02
1.046369969844818115e-01 2.948763966560363770e-02
3.060618042945861816e-02 2.786375582218170166e-01
6.141221523284912109e-02 1.428584456443786621e-01
9.165126085281372070e-02 6.254136562347412109e-02
1.179449558258056641e-01 0.000000000000000000e+00
3.742060065269470215e-02 3.112821578979492188e-01
7.985186576843261719e-02 1.907571554183959961e-01
1.205322444438934326e-01 1.186016798019409180e-01
1.563741266727447510e-01 6.049191951751708984e-02
5.981925129890441895e-02 3.553735017776489258e-01
1.045286059379577637e-01 2.689668536186218262e-01
1.405354738235473633e-01 2.180874943733215332e-01
1.747266650199890137e-01 1.773332953453063965e-01
