0.000000000000000000e+00 1.000000000000000000e+00
1.581883929070140582e-01 8.395148320686519616e-01
2.451124027080325840e-01 6.663353819149322455e-01
3.891050913757050367e-01 5.525708909765201238e-01
5.038785122177121822e-01 4.704488850226999919e-01
1.212759648569024240e-01 5.210932452196762599e-01
3.144169485978615675e-01 2.912598929154304184e-01
4.556537710052002699e-01 1.528107276217316457e-01
5.601069796795754563e-01 4.721203747322955113e-02
1.156738315615030294e-01 5.403156815224143816e-01
3.443325467153808273e-01 2.638250178423509062e-01
5.181361803514459297e-01 1.111568628591352997e-01
6.472269935627453785e-01 0.000000000000000000e+00
1.831495942111470154e-01 5.931619415247241234e-01
4.472445986385453209e-01 3.437753112822093393e-01
6.640631198298239113e-01 2.113299274314132392e-01
8.359633149312557521e-01 1.166977540378271727e-01
3.370062833289230175e-01 6.760448333896921236e-01
6.330314929287522707e-01 5.104198498334575618e-01
8.292664635454464195e-01 4.227910726486246440e-01
1.000000000000000000e+00 3.544629971659949419e-01
