0.000000000000000000e+00 1.000000000000000000e+00
1.021115806393072846e-02 7.979149412417785303e-01
1.041063226043652812e-01 6.078059987579295109e-01
2.557051211044937267e-01 5.017631115419801668e-01
4.114721083753826725e-01 4.425372303334521584e-01
1.071022359021736869e-01 5.108588766842462325e-01
2.794313261984949226e-01 2.824489152599990449e-01
3.845695175381743658e-01 1.491516912734424383e-01
4.649952981713539879e-01 4.904989610960730495e-02
1.596876524559100452e-01 5.325410817878469816e-01
3.663274829543981537e-01 2.666567162914166844e-01
5.068144698481981125e-01 1.108544390366090621e-01
6.181852355510095709e-01 0.000000000000000000e+00
2.590778288157283837e-01 5.913031287652321666e-01
4.970806239880462551e-01 3.497491963973363704e-01
6.747740411922611425e-01 2.208444196051270458e-01
8.171905454356910292e-01 1.292247111762332423e-01
4.017595916125976108e-01 6.806950085998551003e-01
6.806732452987606097e-01 5.544092678799532603e-01
8.514241002302599393e-01 4.789259998126064732e-01
1.000000000000000000e+00 4.158525486222575673e-01
