5.886848316749762784e-03 1.000000000000000000e+00
0.000000000000000000e+00 7.831839498864526794e-01
9.263593843275144679e-02 5.904455735085289980e-01
2.495573639642013897e-01 4.932925036030215149e-01
4.100722389799692502e-01 4.584682002849680416e-01
9.100414064563953909e-02 5.027722609378910690e-01
2.576608002651813445e-01 2.747654658520699567e-01
3.565343204933723031e-01 1.396151950770831984e-01
4.326777797900056566e-01 3.488207442567545224e-02
1.617010616990170180e-01 5.340625972818814349e-01
3.839830557432553082e-01 2.690580414884413130e-01
5.282743977759040144e-01 1.132988307428708513e-01
6.390578186627858814e-01 0.000000000000000000e+00
2.730639717526482935e-01 6.061636476147783670e-01
5.222205129103889565e-01 3.632076155799771056e-01
6.872218987511854449e-01 2.325778136199357915e-01
8.112044525193200517e-01 1.358218599010922456e-01
4.148767034428353373e-01 7.095278337284937065e-01
6.941679794830651895e-01 5.801642420554045110e-01
8.600595056886547463e-01 5.117796191114767357e-01
1.000000000000000000e+00 4.545289328839944853e-01
