3.640076805651511118e-03 1.000000000000000000e+00
0.000000000000000000e+00 7.694449703123655837e-01
8.119760762863323378e-02 5.660691850959469473e-01
2.191660703254966758e-01 4.516770747538323416e-01
3.633941833165636459e-01 4.041633987731569899e-01
1.070851513367058194e-01 4.817831020197425596e-01
2.707078762887022982e-01 2.499824209866375047e-01
3.750925681207087359e-01 1.139395429456525749e-01
4.546101165222310447e-01 1.107858925344511712e-02
1.929816697861878594e-01 5.161045275179170222e-01
4.208091383681529796e-01 2.558064833368163815e-01
5.709684116923054997e-01 1.054794891022410169e-01
6.863377336356512037e-01 0.000000000000000000e+00
3.036551720940153243e-01 5.967890641326661916e-01
5.421366169964704218e-01 3.687672563216836674e-01
6.965325658950553001e-01 2.326247433832839551e-01
8.146241917194357862e-01 1.351047979642764907e-01
4.375319358084454047e-01 7.144349515040505638e-01
7.057922115524808415e-01 6.032781786666994162e-01
8.659162299079393721e-01 5.416002434017235245e-01
1.000000000000000000e+00 4.875836232436353002e-01
