6.287738680839538574e-03 4.860363006591796875e-01
0.000000000000000000e+00 3.670317530632019043e-01
2.420523762702941895e-02 2.690195143222808838e-01
6.753054261207580566e-02 2.158675193786621094e-01
1.104784011840820312e-01 1.987896263599395752e-01
3.411719202995300293e-02 2.265896499156951904e-01
8.651128411293029785e-02 1.158922910690307617e-01
1.180314421653747559e-01 5.225950479507446289e-02
1.414754986763000488e-01 3.707826137542724609e-03
6.196808815002441406e-02 2.484067380428314209e-01
1.310474872589111328e-01 1.233743429183959961e-01
1.748102307319641113e-01 5.143827199935913086e-02
2.080517709255218506e-01 0.000000000000000000e+00
9.656533598899841309e-02 2.930120229721069336e-01
1.709009706974029541e-01 1.810642480850219727e-01
2.172352373600006104e-01 1.155832111835479736e-01
2.519134283065795898e-01 6.674540042877197266e-02
1.368035674095153809e-01 3.556110858917236328e-01
2.168205976486206055e-01 2.985261082649230957e-01
2.629307806491851807e-01 2.687484920024871826e-01
3.008391857147216797e-01 2.417534589767456055e-01
