3.865690231323242188e-01 4.088024199008941650e-01
3.982285261154174805e-01 2.809502184391021729e-01
3.711321353912353516e-01 1.942372024059295654e-01
3.399038314819335938e-01 1.183260083198547363e-01
3.334438800811767578e-01 5.737590789794921875e-02
2.635325789451599121e-01 1.561745107173919678e-01
1.822148561477661133e-01 7.350078225135803223e-02
1.329041123390197754e-01 3.166103363037109375e-02
9.703147411346435547e-02 0.000000000000000000e+00
2.208086252212524414e-01 2.070863544940948486e-01
1.226249337196350098e-01 1.283937394618988037e-01
6.078082323074340820e-02 8.897140622138977051e-02
1.918232440948486328e-02 5.931451916694641113e-02
1.969091296195983887e-01 2.759549915790557861e-01
9.924045205116271973e-02 2.117096483707427979e-01
4.118025302886962891e-02 1.770760715007781982e-01
0.000000000000000000e+00 1.489061415195465088e-01
1.920908689498901367e-01 3.560279905796051025e-01
1.163875162601470947e-01 3.507312238216400146e-01
7.045656442642211914e-02 3.499372303485870361e-01
3.404763340950012207e-02 3.471268117427825928e-01
