8.123755455017089844e-03 4.832542836666107178e-01
0.000000000000000000e+00 3.667651116847991943e-01
2.009624242782592773e-02 2.658631801605224609e-01
4.978094995021820068e-02 2.111739814281463623e-01
7.571789622306823730e-02 1.954174041748046875e-01
4.212170839309692383e-02 2.207555770874023438e-01
9.355136752128601074e-02 1.134451031684875488e-01
1.245517134666442871e-01 4.959318041801452637e-02
1.480672359466552734e-01 2.509534358978271484e-03
7.611405849456787109e-02 2.413091361522674561e-01
1.451853513717651367e-01 1.204892694950103760e-01
1.876814961433410645e-01 5.031177401542663574e-02
2.201792597770690918e-01 0.000000000000000000e+00
1.127198934555053711e-01 2.852621972560882568e-01
1.886819601058959961e-01 1.800429522991180420e-01
2.330027818679809570e-01 1.184536516666412354e-01
2.656153142452239990e-01 7.162913680076599121e-02
1.501362919807434082e-01 3.494881689548492432e-01
2.281589806079864502e-01 3.025703728199005127e-01
2.732169628143310547e-01 2.759630382061004639e-01
3.101898431777954102e-01 2.520684301853179932e-01
