1.993767917156219482e-02 4.830333292484283447e-01
0.000000000000000000e+00 3.855144083499908447e-01
6.555482745170593262e-03 2.984952628612518311e-01
1.697845757007598877e-02 2.352734804153442383e-01
9.057328104972839355e-03 1.867644488811492920e-01
5.907578766345977783e-02 2.188217043876647949e-01
1.082341820001602173e-01 1.131323873996734619e-01
1.406089216470718384e-01 4.813981056213378906e-02
1.664179116487503052e-01 0.000000000000000000e+00
9.775088727474212646e-02 2.398660480976104736e-01
1.650871187448501587e-01 1.221702396869659424e-01
2.079604715108871460e-01 5.267077684402465820e-02
2.412099093198776245e-01 3.677248954772949219e-03
1.350121051073074341e-01 2.859686911106109619e-01
2.079401761293411255e-01 1.826133728027343750e-01
2.532828897237777710e-01 1.220952570438385010e-01
2.885603159666061401e-01 7.498094439506530762e-02
1.694564670324325562e-01 3.514775931835174561e-01
2.460581511259078979e-01 3.074975907802581787e-01
2.923632115125656128e-01 2.814534008502960205e-01
3.315880149602890015e-01 2.562887370586395264e-01
