8.036330065933029732e-02 1.000000000000000000e+00
5.582537819247972675e-03 7.931914946219011942e-01
0.000000000000000000e+00 5.978655185709073061e-01
2.069595459981611596e-02 4.573207894594145118e-01
3.037333777519155963e-03 3.473641941415689938e-01
2.343636323967432378e-01 4.492546767606760416e-01
3.927569438134433377e-01 2.295270355817208008e-01
4.977180128596001563e-01 9.785255177336407706e-02
5.834392757995279233e-01 0.000000000000000000e+00
3.531423620527448515e-01 5.068673370447897009e-01
5.681325645834298665e-01 2.741755107978378070e-01
7.116986331209401717e-01 1.321382937312893524e-01
8.249222068756916215e-01 3.223386571966777719e-02
4.553922269175031401e-01 6.143907621858107904e-01
6.720600428945412430e-01 4.125203446504696059e-01
8.157667449628880352e-01 2.940647303807733537e-01
9.304220644459069156e-01 2.005886480052254672e-01
5.374743672389239446e-01 7.604035292882999064e-01
7.499125750122167533e-01 6.747586917208558965e-01
8.839668224033332411e-01 6.270161538261068701e-01
1.000000000000000000e+00 5.854348519099328296e-01
