1.416660531467728856e-01 1.000000000000000000e+00
4.189289944290102569e-02 7.870728619969705742e-01
2.183423520041826577e-02 5.827259999181233496e-01
3.022607055498823317e-02 4.163639251647766604e-01
0.000000000000000000e+00 2.905574978507389217e-01
2.982696333596523974e-01 4.410308592950423767e-01
4.643333896597571786e-01 2.247133745445613340e-01
5.743649252981899433e-01 9.324141319032218378e-02
6.640303781261273075e-01 0.000000000000000000e+00
4.297952120707039247e-01 5.121735784173251371e-01
6.428347763292598938e-01 2.922831948253981071e-01
7.830756306375999953e-01 1.552700208785360581e-01
8.925723086528812855e-01 6.029714660007368804e-02
5.311089808058618855e-01 6.245721537642772159e-01
7.372898937767262684e-01 4.398032341261718381e-01
8.772904659180320586e-01 3.214827526916936296e-01
9.836298860846042214e-01 2.332949604945347422e-01
5.983080080625534647e-01 7.622668686289760798e-01
7.824849333975116839e-01 6.932946657387317746e-01
9.012692001301321199e-01 6.515320915380521383e-01
1.000000000000000000e+00 6.194276824824989092e-01
