5.660262703895568848e-02 4.462124109268188477e-01
1.940444111824035645e-02 3.504109382629394531e-01
1.149809360504150391e-02 2.541720867156982422e-01
1.315289735794067383e-02 1.745620965957641602e-01
0.000000000000000000e+00 1.150003075599670410e-01
1.167341172695159912e-01 1.948620378971099854e-01
1.752228140830993652e-01 9.934341907501220703e-02
2.144354879856109619e-01 4.124319553375244141e-02
2.463335394859313965e-01 0.000000000000000000e+00
1.618731915950775146e-01 2.300477921962738037e-01
2.374398112297058105e-01 1.355502009391784668e-01
2.873348295688629150e-01 7.772904634475708008e-02
3.273905813694000244e-01 3.794491291046142578e-02
1.949059665203094482e-01 2.817730903625488281e-01
2.669165730476379395e-01 2.004775106906890869e-01
3.144800364971160889e-01 1.546140015125274658e-01
3.506263494491577148e-01 1.218820512294769287e-01
2.153623998165130615e-01 3.433427214622497559e-01
2.763590216636657715e-01 3.126668930053710938e-01
3.144961297512054443e-01 2.963770031929016113e-01
3.454167842864990234e-01 2.845882177352905273e-01
