1.441041211935467359e-01 1.000000000000000000e+00
4.007022078938921733e-02 7.806668343631668616e-01
2.497147195721560048e-02 5.568138204598830354e-01
3.497456300697049381e-02 3.744490213043380478e-01
0.000000000000000000e+00 2.396082761584074905e-01
3.340145671543477413e-01 4.262983142385921576e-01
4.981933580803674655e-01 2.161123364418923165e-01
6.132924796343530716e-01 8.959349010143626002e-02
7.096475059701139454e-01 0.000000000000000000e+00
4.608019906055467185e-01 5.123716869680269292e-01
6.754767090798675655e-01 3.119332568843997677e-01
8.202920936131491425e-01 1.907380770223577049e-01
9.403675596149478899e-01 1.080160047490990316e-01
5.491883093092948531e-01 6.351610582659820148e-01
7.573040556961592173e-01 4.661444569298383578e-01
8.938813563787230132e-01 3.710392077115512444e-01
1.000000000000000000e+00 3.034713518517007103e-01
6.006175661587569437e-01 7.787351462893582488e-01
7.744987293998136790e-01 7.177131474764958385e-01
8.837241787434887419e-01 6.903383287180210326e-01
9.722976207387837855e-01 6.721878692870033589e-01
