9.104311466217041016e-03 3.771398067474365234e-01
0.000000000000000000e+00 2.722020745277404785e-01
1.513499021530151367e-02 1.750394701957702637e-01
2.813105285167694092e-02 9.864258766174316406e-02
2.515037357807159424e-02 3.885588049888610840e-02
1.138804554939270020e-01 1.465948820114135742e-01
1.866497099399566650e-01 7.367199659347534180e-02
2.339051663875579834e-01 3.040996193885803223e-02
2.722415924072265625e-01 0.000000000000000000e+00
1.483339667320251465e-01 1.917605400085449219e-01
2.392230331897735596e-01 1.226640045642852783e-01
3.007913827896118164e-01 8.168882131576538086e-02
3.494505286216735840e-01 5.551180243492126465e-02
1.708103716373443604e-01 2.527197599411010742e-01
2.601253986358642578e-01 1.981307268142700195e-01
3.172534108161926270e-01 1.674093902111053467e-01
3.615019917488098145e-01 1.443756222724914551e-01
1.814584434032440186e-01 3.234424591064453125e-01
2.554855346679687500e-01 3.201121687889099121e-01
3.038549125194549561e-01 3.181620836257934570e-01
3.455581068992614746e-01 3.159335255622863770e-01
