0.000000000000000000e+00 3.431799411773681641e-01
4.073679447174072266e-03 2.367385625839233398e-01
3.003951907157897949e-02 1.436297595500946045e-01
4.806207120418548584e-02 7.323050498962402344e-02
4.963807761669158936e-02 1.727366447448730469e-02
1.283086687326431274e-01 1.317714750766754150e-01
2.040468007326126099e-01 6.742244958877563477e-02
2.536450475454330444e-01 2.875131368637084961e-02
2.932966500520706177e-01 0.000000000000000000e+00
1.567739695310592651e-01 1.826167106628417969e-01
2.507654279470443726e-01 1.290039122104644775e-01
3.133867830038070679e-01 9.897962212562561035e-02
3.634019941091537476e-01 7.895827293395996094e-02
1.715979427099227905e-01 2.478671669960021973e-01
2.652784138917922974e-01 2.085664868354797363e-01
3.242813199758529663e-01 1.865641474723815918e-01
3.717666715383529663e-01 1.683743000030517578e-01
1.744886487722396851e-01 3.224570751190185547e-01
2.494323104619979858e-01 3.345187306404113770e-01
2.987527102231979370e-01 3.413257002830505371e-01
3.428627103567123413e-01 3.451975584030151367e-01
