0.000000000000000000e+00 3.111166656017303467e-01
1.362168788909912109e-02 2.111422717571258545e-01
4.622443020343780518e-02 1.230267584323883057e-01
6.903974711894989014e-02 5.527415871620178223e-02
7.402320206165313721e-02 0.000000000000000000e+00
1.381982713937759399e-01 1.225118637084960938e-01
2.219656854867935181e-01 6.937935948371887207e-02
2.765078097581863403e-01 3.764119744300842285e-02
3.195482641458511353e-01 1.547053456306457520e-02
1.605505198240280151e-01 1.752847135066986084e-01
2.610806077718734741e-01 1.337518393993377686e-01
3.280118852853775024e-01 1.115554571151733398e-01
3.809571415185928345e-01 9.864982962608337402e-02
1.702341586351394653e-01 2.414059937000274658e-01
2.675660401582717896e-01 2.157998979091644287e-01
3.313554078340530396e-01 1.999134123325347900e-01
3.829711824655532837e-01 1.875528991222381592e-01
1.692426651716232300e-01 3.159849941730499268e-01
2.448018938302993774e-01 3.431774079799652100e-01
2.947912961244583130e-01 3.598708212375640869e-01
3.398746401071548462e-01 3.724478781223297119e-01
