0.000000000000000000e+00 3.055642247200012207e-01
2.876608073711395264e-02 2.053994536399841309e-01
7.685951888561248779e-02 1.209523975849151611e-01
1.083077043294906616e-01 5.516690015792846680e-02
1.143610924482345581e-01 0.000000000000000000e+00
1.615498512983322144e-01 1.280258297920227051e-01
2.519503682851791382e-01 9.113126993179321289e-02
3.119824379682540894e-01 7.064509391784667969e-02
3.574561327695846558e-01 5.835592746734619141e-02
1.767182797193527222e-01 1.834842562675476074e-01
2.836271077394485474e-01 1.634210646152496338e-01
3.526741713285446167e-01 1.528231501579284668e-01
4.050900191068649292e-01 1.480767726898193359e-01
1.795890778303146362e-01 2.522085309028625488e-01
2.832156270742416382e-01 2.483981251716613770e-01
3.491466492414474487e-01 2.442284226417541504e-01
4.013089388608932495e-01 2.407345771789550781e-01
1.716990321874618530e-01 3.277561664581298828e-01
2.480843216180801392e-01 3.676145672798156738e-01
2.955891937017440796e-01 3.945509195327758789e-01
3.373257964849472046e-01 4.163575172424316406e-01
