1.000000000000000000e+00 9.019390614374791504e-01
9.588949489409903659e-01 5.686244490753832315e-01
8.576499503981784844e-01 3.638022325331291551e-01
7.720894641711183448e-01 1.991076810070943615e-01
7.520628184458478804e-01 3.973599828269201717e-02
6.147372682676115474e-01 3.227681013643985963e-01
4.121253842167147408e-01 1.438949521002391707e-01
2.810528937745765954e-01 5.946137964606885290e-02
1.829664042770983157e-01 0.000000000000000000e+00
5.383518987232734920e-01 4.828211073656433205e-01
2.911802075093281594e-01 3.349954062666349874e-01
1.328567921475506952e-01 2.620153840536295076e-01
2.003655173304888168e-02 2.038364182273707248e-01
5.073058960845427956e-01 6.780861316409575457e-01
2.594782548772731623e-01 5.753242098344700794e-01
1.092747510218262386e-01 5.123120404936245542e-01
0.000000000000000000e+00 4.552685315919664522e-01
5.212226884905110103e-01 8.914377427551888333e-01
3.267424883030147220e-01 9.466720853781082079e-01
2.063264934024552633e-01 9.814410224728612464e-01
1.065725643782831633e-01 1.000000000000000000e+00
