0.000000000000000000e+00 6.276248541137060544e-01
9.033166889279610479e-02 4.149861868829975431e-01
2.292847146856578089e-01 2.493752271916494512e-01
3.168459429062647770e-01 1.189201079507844205e-01
3.409808137446260212e-01 0.000000000000000000e+00
4.187770455888220056e-01 2.820194626892970624e-01
6.449942809461820525e-01 2.398560069979424614e-01
7.933313789187256271e-01 2.198292533422115391e-01
9.052865852430297400e-01 2.120521458187875352e-01
4.406329173173935132e-01 4.094175140934919743e-01
7.030670590760217387e-01 4.016997283643540806e-01
8.717578442623319379e-01 4.095487390432240304e-01
1.000000000000000000e+00 4.251939998541644505e-01
4.311016681551809171e-01 5.664811975615968720e-01
6.866687428095198387e-01 5.965487567653563472e-01
8.391951038581042521e-01 6.194935068677321910e-01
9.603620951575779774e-01 6.367824616366565271e-01
3.961513151650062348e-01 7.364796025696821458e-01
5.635338839990684523e-01 8.610974437244508506e-01
6.725918856241405175e-01 9.376018599851431157e-01
7.715240535737601935e-01 1.000000000000000000e+00
