0.000000000000000000e+00 5.609753962777456193e-01
1.031565689485390430e-01 3.676155785689195765e-01
2.549845613972759328e-01 2.234090164007223878e-01
3.580015282454658831e-01 1.123916526335259347e-01
3.924727894089781177e-01 0.000000000000000000e+00
4.350108888205720947e-01 2.681043604871549690e-01
6.643124600139186375e-01 2.556810568625050850e-01
8.118609210672963483e-01 2.556662546503080113e-01
9.228246067575724965e-01 2.616314174508299617e-01
4.445559048751718256e-01 3.908972058443252462e-01
7.034279800714957620e-01 4.095747659094498561e-01
8.714718058194235173e-01 4.346287328443969589e-01
1.000000000000000000e+00 4.611168410689050479e-01
4.228487452428560944e-01 5.391669752606123023e-01
6.636754045595808504e-01 5.936933051138811868e-01
8.180488253511111196e-01 6.306577755570168531e-01
9.440378227859851368e-01 6.586917495944515366e-01
3.772533669963730740e-01 6.958435002006021497e-01
5.323097565035669332e-01 8.355136991899585475e-01
6.322010402039723864e-01 9.254958322762623091e-01
7.243899266447906271e-01 1.000000000000000000e+00
