0.000000000000000000e+00 4.371675728150457574e-01
1.386193409067155990e-01 2.849189602942618360e-01
3.140811693610395805e-01 1.846568918621693534e-01
4.279566449012077167e-01 9.163068034942936646e-02
5.010457672374084570e-01 0.000000000000000000e+00
4.823632039185433706e-01 2.819959537917607340e-01
7.012177342271366243e-01 3.081933382080041528e-01
8.474745903104734523e-01 3.374599812236972474e-01
9.561775799169218715e-01 3.616901162916694168e-01
4.752819459838172889e-01 4.005576138075389592e-01
7.170993403705639979e-01 4.795072854856497480e-01
8.783177955041880924e-01 5.393061340751581501e-01
1.000000000000000000e+00 5.914244427423938077e-01
4.249965086752401366e-01 5.303894855577999667e-01
6.431671559351525014e-01 6.385404866872277374e-01
7.943108161150493896e-01 7.163249308520325265e-01
9.166834968746530032e-01 7.755557729348491192e-01
3.428964899642752973e-01 6.601266496464267552e-01
4.675088351799467912e-01 8.248442262509763090e-01
5.510458125204792390e-01 9.236977127800386489e-01
6.257023087301957220e-01 1.000000000000000000e+00
