0.000000000000000000e+00 1.837180852890014648e-01
6.258518993854522705e-02 1.209289729595184326e-01
1.427676826715469360e-01 8.273583650588989258e-02
1.942801922559738159e-01 4.546636343002319336e-02
2.226883620023727417e-01 0.000000000000000000e+00
2.009375244379043579e-01 1.377397775650024414e-01
2.907258421182632446e-01 1.722866296768188477e-01
3.501320630311965942e-01 1.992331147193908691e-01
3.933883458375930786e-01 2.201437950134277344e-01
1.882481724023818970e-01 1.959182024002075195e-01
2.843558937311172485e-01 2.571710944175720215e-01
3.455885201692581177e-01 3.025153279304504395e-01
3.911889344453811646e-01 3.407729864120483398e-01
1.585213094949722290e-01 2.551317811012268066e-01
2.463004738092422485e-01 3.256499171257019043e-01
3.022184520959854126e-01 3.778076767921447754e-01
3.483977466821670532e-01 4.203369021415710449e-01
1.170833557844161987e-01 3.109413981437683105e-01
1.566886156797409058e-01 3.816450834274291992e-01
1.803849786520004272e-01 4.273784160614013672e-01
2.032460421323776245e-01 4.643862247467041016e-01
