0.000000000000000000e+00 2.623993881944162720e-01
1.892759320340085261e-01 1.578748259008379839e-01
4.146499443465975765e-01 1.266465600279954307e-01
5.697556359046486163e-01 8.542922147015806489e-02
6.677756456809953445e-01 0.000000000000000000e+00
5.368585453449796763e-01 2.798591208577063671e-01
7.541119648853069624e-01 4.245848563644760709e-01
8.947596960486484674e-01 5.209270488004894561e-01
1.000000000000000000e+00 5.940308637205129472e-01
4.847450780063856657e-01 4.007900335030237238e-01
7.056659038078645363e-01 6.032340510435869607e-01
8.453779827391211255e-01 7.463878219881459053e-01
9.502415876159264752e-01 8.601179622780195100e-01
3.879095673831327029e-01 5.102751135052877585e-01
5.787513073320810220e-01 7.337829005094848034e-01
7.012972917248988525e-01 8.854725378844170436e-01
8.053055519797673867e-01 1.000000000000000000e+00
2.616810142866400346e-01 6.038109140306155975e-01
3.373361927617318790e-01 7.942253223725920241e-01
3.794039704798672918e-01 8.971713295994032666e-01
4.224870223016290449e-01 9.698209166073736842e-01
