0.000000000000000000e+00 1.001505553722381592e-01
7.753133773803710938e-02 5.501294136047363281e-02
1.686367690563201904e-01 4.803332686424255371e-02
2.322317361831665039e-01 3.427556157112121582e-02
2.754716873168945312e-01 0.000000000000000000e+00
2.100980579853057861e-01 1.271600723266601562e-01
2.928371429443359375e-01 2.024547159671783447e-01
3.457432985305786133e-01 2.545253336429595947e-01
3.853554725646972656e-01 2.950950562953948975e-01
1.850072741508483887e-01 1.812357008457183838e-01
2.665595412254333496e-01 2.853623926639556885e-01
3.186585903167724609e-01 3.590274751186370850e-01
3.565316200256347656e-01 4.196667969226837158e-01
1.432246863842010498e-01 2.273356616497039795e-01
2.133066654205322266e-01 3.395986855030059814e-01
2.589968442916870117e-01 4.158673584461212158e-01
2.967026233673095703e-01 4.775456488132476807e-01
9.123623371124267578e-02 2.649972140789031982e-01
1.140042245388031006e-01 3.690891563892364502e-01
1.283926963806152344e-01 4.341934621334075928e-01
1.439419090747833252e-01 4.865445196628570557e-01
