0.000000000000000000e+00 4.075980186462402344e-02
8.624857664108276367e-02 2.070039510726928711e-02
1.765343844890594482e-01 3.412494063377380371e-02
2.414922416210174561e-01 2.910238504409790039e-02
2.870270311832427979e-01 0.000000000000000000e+00
2.041465938091278076e-01 1.158640980720520020e-01
2.764556109905242920e-01 2.084100246429443359e-01
3.226546943187713623e-01 2.733945846557617188e-01
3.562702238559722900e-01 3.252235054969787598e-01
1.714637279510498047e-01 1.666089296340942383e-01
2.373010218143463135e-01 2.868906259536743164e-01
2.774853408336639404e-01 3.720198869705200195e-01
3.054340183734893799e-01 4.418281912803649902e-01
1.244989335536956787e-01 2.086133956909179688e-01
1.775681674480438232e-01 3.331187367439270020e-01
2.130154669284820557e-01 4.180012941360473633e-01
2.405961453914642334e-01 4.873570203781127930e-01
6.915098428726196289e-02 2.406892776489257812e-01
7.503911852836608887e-02 3.528330326080322266e-01
7.804915308952331543e-02 4.249381422996520996e-01
8.225709199905395508e-02 4.853640198707580566e-01
