0.000000000000000000e+00 2.551159998849166985e-02
2.628581375216466065e-01 6.990578134207542545e-03
5.277358220173062886e-01 5.428438246777834986e-02
7.259959495651092665e-01 5.553924258444131040e-02
8.711894002737634590e-01 0.000000000000000000e+00
5.753999142899659525e-01 2.330810276304401130e-01
7.737097014204702417e-01 4.366020760565078596e-01
9.024881684755470257e-01 5.774303301577710101e-01
1.000000000000000000e+00 6.908176895266062711e-01
4.652653557224163405e-01 3.297205888380549954e-01
6.316477255739290086e-01 5.875588832251963378e-01
7.379169987329073921e-01 7.747170883873425451e-01
8.155818367584698469e-01 9.316582277328911976e-01
3.179385190309610976e-01 4.002275644199297377e-01
4.381046569691295911e-01 6.586170858767671499e-01
5.248779044412162920e-01 8.431229994424812579e-01
5.984785609787027783e-01 1.000000000000000000e+00
1.493492189011588755e-01 4.475738403905649143e-01
1.449272822186733201e-01 6.800211157107105553e-01
1.442286973277645823e-01 8.380918307403039114e-01
1.511788050839040776e-01 9.779815816612911217e-01
