0.000000000000000000e+00 0.000000000000000000e+00
2.887903423415969506e-01 2.298196202401095196e-03
5.728067050359529899e-01 7.781052552172931791e-02
7.788793653636223446e-01 9.521413429561016717e-02
9.375805540458168608e-01 6.163203990549319389e-02
5.965863364734386165e-01 2.399274166980490952e-01
7.791963424437481356e-01 4.587440307070507206e-01
9.027232359168598785e-01 6.086765216356113672e-01
1.000000000000000000e+00 7.255587399642505764e-01
4.656270834507028611e-01 3.144614390894909239e-01
6.133561839878673982e-01 5.930305650193982148e-01
7.105166445172808043e-01 7.900620517689380673e-01
7.802084192342128022e-01 9.483871195874138404e-01
2.991622243154442584e-01 3.652130558006234096e-01
3.938432055727001946e-01 6.454553223138255191e-01
4.733625398591420619e-01 8.394961365716471224e-01
5.430529537700631293e-01 1.000000000000000000e+00
1.177023715854995795e-01 3.944542962702343170e-01
8.018458698494286552e-02 6.396922694304426615e-01
6.402165895135018825e-02 7.959060801775568184e-01
5.416089571517568313e-02 9.311605490069889690e-01
