1.925366618025625698e-02 1.201892779882518351e-03
3.003052222358161827e-01 0.000000000000000000e+00
5.834993442198427305e-01 7.984816254361525034e-02
7.913217296330948836e-01 1.153012085500495915e-01
9.543539914486409703e-01 8.834455442682288828e-02
5.952497047473347402e-01 2.226179827720671245e-01
7.796204143988419988e-01 4.490829038082109204e-01
9.029481036592782450e-01 6.017541347491323078e-01
1.000000000000000000e+00 7.237640849288990985e-01
4.587771635127273484e-01 2.972463875498127517e-01
6.033430698643960088e-01 5.748024750471371069e-01
6.923995133280138603e-01 7.749203551397794154e-01
7.503935215982987517e-01 9.408134055436547794e-01
2.888320122017555835e-01 3.438787697671112920e-01
3.839080074377633212e-01 6.260365407134348414e-01
4.543415071921801385e-01 8.270750395337819194e-01
5.068438693918491111e-01 1.000000000000000000e+00
1.085160107022180298e-01 3.690403113839488269e-01
5.732699228223265414e-02 6.209878271852693477e-01
2.636086421016924780e-02 7.906721721249129198e-01
0.000000000000000000e+00 9.427305582017827534e-01
