1.000000000000000000e+00 7.170540878897956327e-01
9.089020942862559016e-01 4.188339886307547721e-01
7.687322827316768192e-01 2.632834691232802671e-01
6.451347995560778870e-01 1.475280949143492892e-01
6.128887449812883137e-01 0.000000000000000000e+00
5.579804074137844072e-01 2.574276697594358176e-01
3.458928896783884932e-01 1.496850391968334582e-01
2.195847023525289154e-01 1.064772868119835403e-01
1.278523302352476132e-01 6.878606061006099781e-02
5.105037313875572247e-01 4.043386776560081164e-01
2.532277695496732428e-01 3.476326784759549704e-01
1.066459910820061474e-01 3.297598905172925976e-01
0.000000000000000000e+00 3.081879541152457991e-01
5.032456994054407273e-01 5.802988332258894877e-01
2.562196164751116556e-01 5.639264453396876098e-01
1.198553508885957380e-01 5.614771658001486143e-01
1.629230621978786445e-02 5.507632913165574351e-01
5.380541413088847369e-01 7.789124042998072373e-01
3.551158229131427535e-01 8.839291149341071963e-01
2.522917256088701987e-01 9.544177020512606413e-01
1.663665173654608198e-01 1.000000000000000000e+00
