3.160941600799560547e-02 0.000000000000000000e+00
1.250440478324890137e-01 1.316019892692565918e-02
2.186683714389801025e-01 5.768305063247680664e-02
2.870019376277923584e-01 7.519096136093139648e-02
3.390568196773529053e-01 6.181013584136962891e-02
2.120414674282073975e-01 1.065118908882141113e-01
2.703806459903717041e-01 2.153465747833251953e-01
3.111569583415985107e-01 2.880549430847167969e-01
3.442673981189727783e-01 3.462877869606018066e-01
1.653800308704376221e-01 1.384586095809936523e-01
2.076438963413238525e-01 2.711601257324218750e-01
2.357170283794403076e-01 3.666781187057495117e-01
2.548730075359344482e-01 4.460334181785583496e-01
1.079914867877960205e-01 1.617667078971862793e-01
1.313743591308593750e-01 3.001053929328918457e-01
1.511611640453338623e-01 3.953924775123596191e-01
1.666829288005828857e-01 4.775988459587097168e-01
4.706177115440368652e-02 1.773848533630371094e-01
2.606961131095886230e-02 3.029011487960815430e-01
1.230794191360473633e-02 3.846065998077392578e-01
0.000000000000000000e+00 4.582923650741577148e-01
