9.971292054259017767e-02 0.000000000000000000e+00
3.619868700574642162e-01 2.590903467928639542e-02
6.379014936828025784e-01 1.170572405275670802e-01
8.400388708138990523e-01 1.544948600120608362e-01
1.000000000000000000e+00 1.265150321932530519e-01
6.170776215368602990e-01 2.374701405911036900e-01
7.912489940658512522e-01 4.685394858285222286e-01
9.048268965050776380e-01 6.259019429640505505e-01
9.943063782091542402e-01 7.516272383072579721e-01
4.788381995469672692e-01 3.015463073334296307e-01
5.955066319185148283e-01 5.888448425500947270e-01
6.686226880769023939e-01 7.938827995117408998e-01
7.140115411532318435e-01 9.601856112047625347e-01
3.083019072373424652e-01 3.448090887520787184e-01
3.778764885409779395e-01 6.283338973725564047e-01
4.345295610055062152e-01 8.288746990399574743e-01
4.741072032477006704e-01 1.000000000000000000e+00
1.309193099326248499e-01 3.726018526092073624e-01
7.364507744485133955e-02 6.190714044158771578e-01
3.590218662131738209e-02 7.841756301993748624e-01
0.000000000000000000e+00 9.332161991737106810e-01
