2.634041675862916487e-01 0.000000000000000000e+00
4.819184471414237336e-01 6.847728323496155012e-02
6.878902165263476309e-01 2.085362897810961458e-01
8.548505023832421168e-01 3.025410670409428016e-01
1.000000000000000000e+00 3.404919855459686562e-01
6.298025166813733255e-01 3.408802175609730867e-01
7.219952712552319962e-01 6.199110630075779227e-01
7.681058926339102699e-01 7.924105715223674906e-01
8.027140428095164149e-01 9.267058076913364806e-01
5.006792375915972704e-01 3.807577816918277791e-01
5.374890544434151041e-01 6.919315238968015702e-01
5.516610446558150027e-01 8.673565789514053881e-01
5.557582034587885689e-01 1.000000000000000000e+00
3.472262421398678578e-01 3.868598685392115599e-01
3.516026291950135052e-01 6.681816368852983024e-01
3.562861453006024859e-01 8.280333959775386665e-01
3.577873550939001390e-01 9.545585636784287287e-01
1.873755936445505865e-01 3.680753391955974285e-01
8.981164171087108183e-02 5.780784143707679013e-01
4.213079277475054174e-02 7.303155158045830930e-01
0.000000000000000000e+00 8.706384965201903192e-01
