4.277901835496507599e-01 0.000000000000000000e+00
5.997539318221235538e-01 1.104146988757523928e-01
7.472593223875978463e-01 2.848260786215588980e-01
8.742743048841361553e-01 4.059740154905316922e-01
1.000000000000000000e+00 4.584772751498412680e-01
6.553926134090992672e-01 3.771977793342932150e-01
6.748441047614058830e-01 6.399113435939868255e-01
6.731452304206190229e-01 8.096301814270269182e-01
6.589731569832570912e-01 9.414292556853137706e-01
5.235803588346388260e-01 3.887801386137815784e-01
4.939099159058416566e-01 6.659945370696983558e-01
4.524292092139807209e-01 8.563675192458052310e-01
4.003713142794775859e-01 1.000000000000000000e+00
3.906955211969759811e-01 3.615753968013012964e-01
3.306254003955613197e-01 6.200833078756828876e-01
2.697197586572645522e-01 7.979698546380488144e-01
2.121391851844739440e-01 9.429003311425041556e-01
2.680787977249328158e-01 3.071874460879929769e-01
1.458806551106425764e-01 4.580886622229608518e-01
6.596732225293246155e-02 5.511914614147316316e-01
0.000000000000000000e+00 6.308310882381470419e-01
