5.132992054576424046e-01 0.000000000000000000e+00
6.565896743716489459e-01 1.626321532648653811e-01
7.767519887039537885e-01 3.778748786590126474e-01
8.819562226550088369e-01 5.366986479610371674e-01
1.000000000000000000e+00 6.117279671093512894e-01
6.793041008101922129e-01 3.788173564081726563e-01
6.698727662686646545e-01 6.513464383981307781e-01
6.582822733046552743e-01 8.359534705748311589e-01
6.423510395242455484e-01 9.807811045412719864e-01
5.468155289641692951e-01 3.607271478550166943e-01
4.947038042854557394e-01 6.405999496333910637e-01
4.392633525797928207e-01 8.475718666764424647e-01
3.810875872693126332e-01 1.000000000000000000e+00
4.169344775663721414e-01 3.188042558135674720e-01
3.369245147484866698e-01 5.699447868965913377e-01
2.732461299131024313e-01 7.609432779868570140e-01
2.153213721991241725e-01 9.143880869229618069e-01
3.040166322470445603e-01 2.579506857916147866e-01
1.668068164881466031e-01 4.037473988152744941e-01
7.905430246450599607e-02 5.092024587083393561e-01
0.000000000000000000e+00 6.017563238838965489e-01
