3.292108476161956787e-01 0.000000000000000000e+00
3.671639263629913330e-01 1.154615879058837891e-01
3.922779858112335205e-01 2.662994265556335449e-01
4.107262790203094482e-01 3.874396085739135742e-01
4.470719397068023682e-01 4.700156450271606445e-01
3.594093024730682373e-01 2.388716340065002441e-01
3.200798928737640381e-01 3.661996126174926758e-01
2.911613881587982178e-01 4.498457908630371094e-01
2.659272849559783936e-01 5.168672204017639160e-01
3.080266416072845459e-01 1.860458254814147949e-01
2.423233985900878906e-01 3.082933425903320312e-01
1.867426931858062744e-01 3.947964906692504883e-01
1.367608308792114258e-01 4.570877552032470703e-01
2.551032304763793945e-01 1.267601847648620605e-01
1.770824790000915527e-01 2.316833734512329102e-01
1.145952641963958740e-01 3.033138513565063477e-01
5.943629145622253418e-02 3.597856760025024414e-01
2.061369121074676514e-01 6.521648168563842773e-02
1.138720214366912842e-01 1.224523782730102539e-01
5.359905958175659180e-02 1.636000573635101318e-01
0.000000000000000000e+00 2.020409703254699707e-01
