3.071259558200836182e-01 1.010978221893310547e-02
3.388337790966033936e-01 1.259992718696594238e-01
3.512251675128936768e-01 2.754890918731689453e-01
3.540326654911041260e-01 3.899000883102416992e-01
3.753066956996917725e-01 4.880191087722778320e-01
3.489709198474884033e-01 2.102081179618835449e-01
3.040716946125030518e-01 3.343058824539184570e-01
2.726385891437530518e-01 4.094706773757934570e-01
2.500647306442260742e-01 4.772374033927917480e-01
3.069302737712860107e-01 1.371025443077087402e-01
2.483456730842590332e-01 2.375654578208923340e-01
1.951387822628021240e-01 3.167501688003540039e-01
1.522285342216491699e-01 3.785641193389892578e-01
2.577682137489318848e-01 6.365174055099487305e-02
1.864282190799713135e-01 1.432545185089111328e-01
1.293331682682037354e-01 2.188840508460998535e-01
8.459278941154479980e-02 2.794037461280822754e-01
2.100576460361480713e-01 0.000000000000000000e+00
1.134739816188812256e-01 3.220263123512268066e-02
5.108201503753662109e-02 4.743361473083496094e-02
0.000000000000000000e+00 5.718266963958740234e-02
