9.946376085281372070e-03 1.912158131599426270e-01
1.494371891021728516e-02 2.972996830940246582e-01
2.719658613204956055e-02 3.988981842994689941e-01
1.572558283805847168e-02 4.941545128822326660e-01
0.000000000000000000e+00 5.826021432876586914e-01
1.377530992031097412e-01 3.596592545509338379e-01
2.041634619235992432e-01 4.312613010406494141e-01
2.509346902370452881e-01 4.782290458679199219e-01
2.971787750720977783e-01 5.186024904251098633e-01
1.606469452381134033e-01 2.854570150375366211e-01
2.546895444393157959e-01 3.277032375335693359e-01
3.179614245891571045e-01 3.545390367507934570e-01
3.767736256122589111e-01 3.737344741821289062e-01
1.582142412662506104e-01 2.008554339408874512e-01
2.450166046619415283e-01 2.198954820632934570e-01
3.022927939891815186e-01 2.410761117935180664e-01
3.586492240428924561e-01 2.630178928375244141e-01
1.345487534999847412e-01 1.133902668952941895e-01
1.972646415233612061e-01 6.342905759811401367e-02
2.349117696285247803e-01 2.776110172271728516e-02
2.752939760684967041e-01 0.000000000000000000e+00
