4.091438366574933622e-02 3.216726282667232706e-01
5.447365088191136184e-02 5.043153233437431826e-01
9.118833444627173768e-02 6.780079646478456290e-01
5.385665617635723712e-02 8.422201695207414129e-01
0.000000000000000000e+00 1.000000000000000000e+00
3.930110888782583634e-01 6.178134237700613207e-01
5.697388664759238663e-01 7.417050788798297267e-01
6.889276894799992723e-01 8.181803195575994003e-01
8.052839034742259594e-01 8.817650090485021908e-01
4.553765343136831900e-01 4.891931717635535914e-01
6.917941958804252334e-01 5.751916480909013973e-01
8.529285518420549606e-01 6.192753549660173773e-01
1.000000000000000000e+00 6.469706472618970139e-01
4.494987578860996091e-01 3.402924384583332351e-01
6.736506953202242576e-01 3.848553327544517177e-01
8.205371072635500029e-01 4.218229016467306414e-01
9.614221261485170755e-01 4.590420439350358928e-01
3.851100425140139838e-01 1.889508186297625403e-01
5.456910002505763746e-01 1.086141259844140144e-01
6.421691935383176952e-01 4.785336578223993442e-02
7.452464935054232686e-01 0.000000000000000000e+00
