8.509153457785181840e-02 3.182286564012985486e-01
8.685427839114569226e-02 5.052509266686573408e-01
1.042430953863127674e-01 6.785911891072127222e-01
6.008837294998413403e-02 8.396734698308606637e-01
0.000000000000000000e+00 1.000000000000000000e+00
4.272753363590475195e-01 6.306623031466832563e-01
5.907468964261612943e-01 7.710968315314580268e-01
7.060113993037877567e-01 8.510151561911445395e-01
8.153734700174107841e-01 9.109503505810954138e-01
4.932683219060473023e-01 4.971246248844127247e-01
7.154924671490511257e-01 6.040981930828887014e-01
8.674615616915363203e-01 6.535513151755911743e-01
1.000000000000000000e+00 6.822810054885339870e-01
4.966215553246719483e-01 3.451107245022523862e-01
7.178621890021139595e-01 4.023972428466096041e-01
8.664618331554463371e-01 4.374712711708669266e-01
9.979161874256609055e-01 4.669395928268624818e-01
4.492216671808854644e-01 1.903695458414121078e-01
6.127811259538031852e-01 1.125249944401707364e-01
7.156619958157490746e-01 5.064452526312827885e-02
8.192573663203776002e-01 0.000000000000000000e+00
