1.000000000000000000e+00 7.324463763878343858e-01
8.553233087299789705e-01 4.526643873205001278e-01
6.450503621838629131e-01 2.823606517069345845e-01
4.845764566935838458e-01 1.451034206252031777e-01
4.067463555270759423e-01 0.000000000000000000e+00
5.648333291801322931e-01 2.630755058337638785e-01
3.486596084122552397e-01 1.529925278868257132e-01
2.075336305775373480e-01 7.559076931255782894e-02
8.940300222530851715e-02 1.796175726735412632e-03
5.478567100351985353e-01 4.066523016910688626e-01
3.147621453983327489e-01 3.173540977560401766e-01
1.434136234314277725e-01 2.615504039526387881e-01
0.000000000000000000e+00 2.166680234203372524e-01
5.386262924494571447e-01 5.903089854196051922e-01
3.215906327533199494e-01 5.557236730256880364e-01
1.566822022422442173e-01 5.106330723382292991e-01
2.441222897141251402e-02 4.670295013625683223e-01
5.431798672189096511e-01 7.886134863529963290e-01
3.719807042542552789e-01 8.773471146279643307e-01
2.708012290246099574e-01 9.483330204493235494e-01
1.644907408745516497e-01 1.000000000000000000e+00
