5.434727668762207031e-02 1.570581495761871338e-01
5.422872304916381836e-02 2.624038159847259521e-01
6.216475367546081543e-02 3.694263398647308350e-01
3.879326581954956055e-02 4.639017283916473389e-01
0.000000000000000000e+00 5.510556995868682861e-01
2.161377072334289551e-01 3.458906114101409912e-01
2.886637449264526367e-01 4.255640804767608643e-01
3.404512405395507812e-01 4.738803207874298096e-01
3.894643187522888184e-01 5.107289850711822510e-01
2.494403123855590820e-01 2.735554277896881104e-01
3.534013032913208008e-01 3.393380343914031982e-01
4.227309823036193848e-01 3.697620332241058350e-01
4.829083085060119629e-01 3.894218504428863525e-01
2.558962106704711914e-01 1.892354786396026611e-01
3.597828745841979980e-01 2.273766100406646729e-01
4.267234206199645996e-01 2.514639198780059814e-01
4.853148460388183594e-01 2.722989022731781006e-01
2.402604222297668457e-01 9.833857417106628418e-02
3.196887373924255371e-01 5.763223767280578613e-02
3.681104779243469238e-01 2.522426843643188477e-02
4.170996546745300293e-01 0.000000000000000000e+00
