1.332392797940716023e-01 2.721385202797852454e-01
1.290793755803918141e-01 4.715176674846506821e-01
1.389982776828743716e-01 6.727115075891156870e-01
8.402978399819334421e-02 8.456371917982647979e-01
0.000000000000000000e+00 1.000000000000000000e+00
4.538577373550718996e-01 6.433518291405168066e-01
5.921788717229824472e-01 7.925420294830640700e-01
6.928067490842576559e-01 8.840059351397855369e-01
7.880472315954297757e-01 9.526713655445646634e-01
5.244373654732576995e-01 5.091973012166901569e-01
7.332159587018713953e-01 6.343226887139635783e-01
8.699327284295710339e-01 6.915380723472607238e-01
9.871964744037250439e-01 7.269677801219284197e-01
5.408191735688978596e-01 3.502211805000251532e-01
7.524942206796124688e-01 4.276248816614962589e-01
8.849227674768803675e-01 4.732984124313117658e-01
1.000000000000000000e+00 5.126191646457671780e-01
5.121468804788753548e-01 1.771403620408200930e-01
6.750762767214503191e-01 1.049277089056646212e-01
7.749337732519839816e-01 4.557022072034172533e-02
8.747464080129914166e-01 0.000000000000000000e+00
