1.128964126110076904e-01 5.758637189865112305e-02
9.927204251289367676e-02 1.606740355491638184e-01
9.059137105941772461e-02 2.626337409019470215e-01
5.125918984413146973e-02 3.496161103248596191e-01
0.000000000000000000e+00 4.261435866355895996e-01
2.547654211521148682e-01 2.789131402969360352e-01
3.141372501850128174e-01 3.783589005470275879e-01
3.579627573490142822e-01 4.390837550163269043e-01
4.000213444232940674e-01 4.864199757575988770e-01
2.974427044391632080e-01 2.158464789390563965e-01
3.945647180080413818e-01 3.049567937850952148e-01
4.584449827671051025e-01 3.524931669235229492e-01
5.144369304180145264e-01 3.869353532791137695e-01
3.145188391208648682e-01 1.349441409111022949e-01
4.139146506786346436e-01 1.984288096427917480e-01
4.771828353404998779e-01 2.373982071876525879e-01
5.317997038364410400e-01 2.690809965133666992e-01
3.092553317546844482e-01 4.329466819763183594e-02
3.924759328365325928e-01 2.614659070968627930e-02
4.464045464992523193e-01 1.039516925811767578e-02
5.000450909137725830e-01 0.000000000000000000e+00
