1.370229423046112061e-01 1.327395439147949219e-03
1.188886463642120361e-01 1.046639084815979004e-01
1.039662659168243408e-01 2.088963389396667480e-01
5.736988782882690430e-02 2.887426614761352539e-01
0.000000000000000000e+00 3.557478785514831543e-01
2.626597583293914795e-01 2.471339702606201172e-01
3.076338469982147217e-01 3.598294258117675781e-01
3.441787064075469971e-01 4.260503649711608887e-01
3.815058767795562744e-01 4.759330153465270996e-01
3.109551370143890381e-01 1.883379220962524414e-01
4.011590182781219482e-01 2.914437651634216309e-01
4.597589075565338135e-01 3.458837866783142090e-01
5.115468800067901611e-01 3.841629028320312500e-01
3.350373804569244385e-01 1.090072989463806152e-01
4.287240803241729736e-01 1.891266703605651855e-01
4.868640601634979248e-01 2.368579506874084473e-01
5.373573601245880127e-01 2.742998600006103516e-01
3.382562696933746338e-01 1.626649498939514160e-02
4.221106469631195068e-01 1.290595531463623047e-02
4.756974875926971436e-01 4.738748073577880859e-03
5.284195840358734131e-01 0.000000000000000000e+00
