3.275150705691226571e-01 0.000000000000000000e+00
2.599006797755156750e-01 1.693636681257559284e-01
1.965765778709036293e-01 3.253633183179167609e-01
1.022818776743846803e-01 4.429735746497994731e-01
0.000000000000000000e+00 5.481759473997688259e-01
4.657109060913744436e-01 4.941214028483018605e-01
5.015063097218180888e-01 7.289014717825214040e-01
5.438974386993160604e-01 8.785341098727743603e-01
5.897084452393035470e-01 1.000000000000000000e+00
5.658000288703901592e-01 4.277076888527194254e-01
6.800475978666113974e-01 6.715431747353834968e-01
7.601797619613785972e-01 8.215992755921155410e-01
8.343282152273427954e-01 9.395210264652554821e-01
6.309824065226736778e-01 3.096573071843483071e-01
7.677417487496882575e-01 5.136010084993964941e-01
8.557384462203515563e-01 6.398055425014401720e-01
9.327000059722800884e-01 7.460172212436941841e-01
6.662650015523209346e-01 1.546198408119617285e-01
8.100959638974355448e-01 2.061571698508095074e-01
9.070768792901512390e-01 2.350297952223211473e-01
1.000000000000000000e+00 2.686994365291930364e-01
