2.147494256496429443e-01 0.000000000000000000e+00
1.661145091056823730e-01 8.540758490562438965e-02
1.212511360645294189e-01 1.682046949863433838e-01
6.248128414154052734e-02 2.211019098758697510e-01
0.000000000000000000e+00 2.598083317279815674e-01
2.559992074966430664e-01 2.928455173969268799e-01
2.627385258674621582e-01 4.242203533649444580e-01
2.743986845016479492e-01 5.058728754520416260e-01
2.897634506225585938e-01 5.734426081180572510e-01
3.185485005378723145e-01 2.675748765468597412e-01
3.650268316268920898e-01 4.133514463901519775e-01
3.958396911621093750e-01 4.980619847774505615e-01
4.259459376335144043e-01 5.659206211566925049e-01
3.652808666229248047e-01 2.107579410076141357e-01
4.278211593627929688e-01 3.378167450428009033e-01
4.687339067459106445e-01 4.170832931995391846e-01
5.043777823448181152e-01 4.843985140323638916e-01
3.967353701591491699e-01 1.302671730518341064e-01
4.724525809288024902e-01 1.783041059970855713e-01
5.256595015525817871e-01 2.063716948032379150e-01
5.760945677757263184e-01 2.369318902492523193e-01
