2.186748981475830078e-01 0.000000000000000000e+00
1.634831130504608154e-01 5.899578332901000977e-02
1.130506098270416260e-01 1.251018643379211426e-01
5.542764067649841309e-02 1.628088951110839844e-01
0.000000000000000000e+00 1.883326172828674316e-01
2.318113446235656738e-01 2.440137267112731934e-01
2.303629517555236816e-01 3.543009757995605469e-01
2.358626723289489746e-01 4.311787486076354980e-01
2.462726235389709473e-01 4.974357485771179199e-01
2.938054203987121582e-01 2.263473868370056152e-01
3.294896483421325684e-01 3.602085113525390625e-01
3.545821309089660645e-01 4.445281028747558594e-01
3.799445629119873047e-01 5.120914578437805176e-01
3.411635756492614746e-01 1.778807044029235840e-01
3.938674926757812500e-01 2.916141748428344727e-01
4.256612658500671387e-01 3.663505911827087402e-01
4.531400799751281738e-01 4.306777119636535645e-01
3.756186962127685547e-01 1.049703955650329590e-01
4.473012089729309082e-01 1.561042070388793945e-01
4.953474998474121094e-01 1.873076558113098145e-01
5.398184657096862793e-01 2.212995290756225586e-01
