4.232686226309798072e-01 0.000000000000000000e+00
3.157371199983611265e-01 1.147108780097813169e-01
2.169467354642032608e-01 2.343621930232253348e-01
1.056838530456812725e-01 2.938592168897590784e-01
0.000000000000000000e+00 3.492871192499982236e-01
4.320012816385823129e-01 4.702197620504672271e-01
4.281935398556108163e-01 6.951509792910712804e-01
4.315278027298579677e-01 8.467213131281562388e-01
4.422015641376900730e-01 9.767943251829082074e-01
5.475712223800612843e-01 4.416139222958974098e-01
5.992751422306933362e-01 7.040677856740307217e-01
6.348697305762298626e-01 8.689992146314463595e-01
6.712654581253710839e-01 1.000000000000000000e+00
6.409545215106624561e-01 3.543150154603681434e-01
7.268887567403704564e-01 5.770678179356401039e-01
7.750139632543998625e-01 7.249547833380886042e-01
8.153215887392581962e-01 8.494267515281417325e-01
7.131509630070721473e-01 2.164236040048755361e-01
8.388912629330579351e-01 3.125558277068750668e-01
9.232987185800880514e-01 3.662734867036801512e-01
1.000000000000000000e+00 4.233900196694999618e-01
