2.193969190120697021e-01 0.000000000000000000e+00
1.618754863739013672e-01 4.668289422988891602e-02
1.158845126628875732e-01 1.000190377235412598e-01
5.896854400634765625e-02 1.288332641124725342e-01
0.000000000000000000e+00 1.542571783065795898e-01
2.143289148807525635e-01 2.024983167648315430e-01
2.058538496494293213e-01 2.935765981674194336e-01
2.027911245822906494e-01 3.567758798599243164e-01
2.035644948482513428e-01 4.132143855094909668e-01
2.710181176662445068e-01 1.940007209777832031e-01
2.901755869388580322e-01 3.070285320281982422e-01
3.041798174381256104e-01 3.794594407081604004e-01
3.196477591991424561e-01 4.412251114845275879e-01
3.192205727100372314e-01 1.576281189918518066e-01
3.574302494525909424e-01 2.563785910606384277e-01
3.803164660930633545e-01 3.214420080184936523e-01
4.002687633037567139e-01 3.789566159248352051e-01
3.586098849773406982e-01 9.627059102058410645e-02
4.188140928745269775e-01 1.363435387611389160e-01
4.599116742610931396e-01 1.590290367603302002e-01
4.979644715785980225e-01 1.851169168949127197e-01
