1.949223875999450684e-01 0.000000000000000000e+00
1.439610421657562256e-01 5.482694506645202637e-02
9.968423843383789062e-02 1.145676076412200928e-01
5.074247717857360840e-02 1.458024084568023682e-01
0.000000000000000000e+00 1.692055463790893555e-01
2.094007730484008789e-01 2.097106277942657471e-01
2.078996896743774414e-01 3.024744689464569092e-01
2.076275348663330078e-01 3.687106668949127197e-01
2.104439139366149902e-01 4.255395829677581787e-01
2.656269073486328125e-01 1.958085596561431885e-01
2.947888970375061035e-01 3.113192021846771240e-01
3.141478300094604492e-01 3.833828866481781006e-01
3.332763314247131348e-01 4.417338073253631592e-01
3.102141618728637695e-01 1.547439992427825928e-01
3.539166450500488281e-01 2.546974122524261475e-01
3.796609044075012207e-01 3.194833099842071533e-01
4.019662737846374512e-01 3.728860318660736084e-01
3.446733355522155762e-01 8.889111876487731934e-02
4.074961543083190918e-01 1.274401247501373291e-01
4.490014314651489258e-01 1.483947932720184326e-01
4.878027439117431641e-01 1.701087653636932373e-01
