1.000000000000000000e+00 8.241837080033680429e-01
8.107016016823700433e-01 5.863342876509479717e-01
5.313774359467733355e-01 3.792811671896305081e-01
2.940948230089700521e-01 2.532726113052076733e-01
1.202541526022913865e-01 1.573557579347225899e-01
5.384943350708263354e-01 3.673151528722449211e-01
2.866210011263601865e-01 1.973017521392815277e-01
1.447204929482228397e-01 9.654756942877944226e-02
2.008910135335670658e-02 0.000000000000000000e+00
5.523181146128216534e-01 4.874861877805127253e-01
2.822859666049180594e-01 3.850985449864109400e-01
1.270538374755735833e-01 2.942990249459480068e-01
0.000000000000000000e+00 2.097149174453868115e-01
5.714215373500493023e-01 6.568718387452952001e-01
3.346401592333853037e-01 6.167727011906964929e-01
1.742817752017419008e-01 5.503082113394786035e-01
3.533830287199157122e-02 4.887960463077897222e-01
5.932709735800010264e-01 8.515552534998429568e-01
4.005440292472446928e-01 8.934747274151844110e-01
2.841642924760773292e-01 9.465652498975249962e-01
1.816956939640345381e-01 1.000000000000000000e+00
