1.604904234409332275e-01 0.000000000000000000e+00
1.177220642566680908e-01 7.904034852981567383e-02
8.366498351097106934e-02 1.609128117561340332e-01
4.296469688415527344e-02 2.241445183753967285e-01
0.000000000000000000e+00 2.685558795928955078e-01
2.151981294155120850e-01 2.342363595962524414e-01
2.363958060741424561e-01 3.361152410507202148e-01
2.542861402034759521e-01 4.018960595130920410e-01
2.747246325016021729e-01 4.547833204269409180e-01
2.691313922405242920e-01 2.052262425422668457e-01
3.200478255748748779e-01 3.183468580245971680e-01
3.560219705104827881e-01 3.818100094795227051e-01
3.886515796184539795e-01 4.266744256019592285e-01
3.055628836154937744e-01 1.498173773288726807e-01
3.668557107448577881e-01 2.442599534988403320e-01
4.086205661296844482e-01 3.001166582107543945e-01
4.429561793804168701e-01 3.447006940841674805e-01
3.270783722400665283e-01 7.303124666213989258e-02
3.981080353260040283e-01 9.105145931243896484e-02
4.446844160556793213e-01 9.828537702560424805e-02
4.848364889621734619e-01 1.068097651004791260e-01
