9.059429168701171875e-02 7.125437259674072266e-03
6.912022829055786133e-02 1.034818291664123535e-01
5.757981538772583008e-02 2.002614736557006836e-01
3.383222222328186035e-02 2.815211415290832520e-01
0.000000000000000000e+00 3.469895720481872559e-01
2.003864049911499023e-01 2.240293622016906738e-01
2.448976039886474609e-01 3.171597719192504883e-01
2.793917655944824219e-01 3.726529479026794434e-01
3.137277960777282715e-01 4.159188866615295410e-01
2.454199790954589844e-01 1.741453409194946289e-01
3.184766769409179688e-01 2.686694264411926270e-01
3.709257841110229492e-01 3.176146745681762695e-01
4.162842631340026855e-01 3.505154848098754883e-01
2.679740786552429199e-01 1.050758957862854004e-01
3.449408411979675293e-01 1.791484355926513672e-01
3.976918458938598633e-01 2.209959626197814941e-01
4.412730336189270020e-01 2.548542022705078125e-01
2.727321982383728027e-01 2.270871400833129883e-02
3.447632789611816406e-01 1.561510562896728516e-02
3.930246233940124512e-01 5.555808544158935547e-03
4.364218115806579590e-01 0.000000000000000000e+00
