0.000000000000000000e+00 1.117157340049743652e-01
7.831841707229614258e-03 2.166839241981506348e-01
2.411976456642150879e-02 3.165777921676635742e-01
1.939871907234191895e-02 4.023750424385070801e-01
1.274973154067993164e-03 4.735603332519531250e-01
1.759701669216156006e-01 2.941227555274963379e-01
2.493219077587127686e-01 3.633242249488830566e-01
2.970164120197296143e-01 3.960195779800415039e-01
3.378938138484954834e-01 4.174141883850097656e-01
2.065959274768829346e-01 2.273634374141693115e-01
3.012998402118682861e-01 2.863558530807495117e-01
3.622959554195404053e-01 3.104344606399536133e-01
4.098064601421356201e-01 3.229594230651855469e-01
2.115499675273895264e-01 1.520535945892333984e-01
3.029836118221282959e-01 1.902551054954528809e-01
3.618778884410858154e-01 2.089064717292785645e-01
4.085185825824737549e-01 2.249545454978942871e-01
1.963268220424652100e-01 6.974089145660400391e-02
2.638606727123260498e-01 3.754013776779174805e-02
3.085187375545501709e-01 1.477947831153869629e-02
3.487327992916107178e-01 0.000000000000000000e+00
