0.000000000000000000e+00 2.044801712036132812e-01
2.620199322700500488e-02 3.097765743732452393e-01
5.896407365798950195e-02 4.024709761142730713e-01
7.157820463180541992e-02 4.884928166866302490e-01
7.164353132247924805e-02 5.654110610485076904e-01
2.047893404960632324e-01 3.288423717021942139e-01
2.876831293106079102e-01 3.723929226398468018e-01
3.390159606933593750e-01 3.871464431285858154e-01
3.832978010177612305e-01 3.939130604267120361e-01
2.222032546997070312e-01 2.547785937786102295e-01
3.229690790176391602e-01 2.848785221576690674e-01
3.867759704589843750e-01 2.917508780956268311e-01
4.364976286888122559e-01 2.916311323642730713e-01
2.140054106712341309e-01 1.806367933750152588e-01
3.089796304702758789e-01 1.898713707923889160e-01
3.683548569679260254e-01 1.900858283042907715e-01
4.151561856269836426e-01 1.910859048366546631e-01
1.862092018127441406e-01 1.057610809803009033e-01
2.472195029258728027e-01 5.882802605628967285e-02
2.868795990943908691e-01 2.569481730461120605e-02
3.220732212066650391e-01 0.000000000000000000e+00
