0.000000000000000000e+00 2.620324492454528809e-01
4.333639144897460938e-02 3.601795136928558350e-01
8.895900845527648926e-02 4.408544003963470459e-01
1.135532259941101074e-01 5.259656608104705811e-01
1.256897151470184326e-01 6.084274947643280029e-01
2.212382256984710693e-01 3.380294144153594971e-01
3.137611448764801025e-01 3.612422645092010498e-01
3.673180043697357178e-01 3.675795495510101318e-01
4.110613763332366943e-01 3.688061535358428955e-01
2.269621193408966064e-01 2.604875266551971436e-01
3.313157856464385986e-01 2.699046730995178223e-01
3.953368365764617920e-01 2.619233131408691406e-01
4.426229894161224365e-01 2.501176595687866211e-01
2.077178359031677246e-01 1.894810199737548828e-01
3.057379424571990967e-01 1.788483858108520508e-01
3.654320538043975830e-01 1.653033196926116943e-01
4.114409387111663818e-01 1.561341583728790283e-01
1.700986921787261963e-01 1.245844960212707520e-01
2.274239361286163330e-01 6.771817803382873535e-02
2.656727135181427002e-01 2.919477224349975586e-02
2.998467385768890381e-01 0.000000000000000000e+00
