0.000000000000000000e+00 5.409073755481551560e-01
1.363273479988048598e-01 6.635573165122370387e-01
2.826814368109806241e-01 7.709263284296092866e-01
3.834436894814999275e-01 8.856775793131606012e-01
4.447981499723712151e-01 1.000000000000000000e+00
5.489471994265348043e-01 5.518796872940173737e-01
7.638168168972135907e-01 5.382983567324022278e-01
8.865498011281512936e-01 5.194419289497701486e-01
9.863776679819717952e-01 4.974232869812496016e-01
5.235826350446959321e-01 4.383986747336207079e-01
7.571600215570125636e-01 3.933999455460728822e-01
8.959586722841923478e-01 3.510309038181565477e-01
1.000000000000000000e+00 3.116354528188519102e-01
4.456694225302161860e-01 3.451879930194746704e-01
6.582870857501976758e-01 2.828075084590179200e-01
7.888728510225596624e-01 2.387901865455519523e-01
8.945216319287513373e-01 2.053984907915229474e-01
3.266543510206775247e-01 2.686227241581778391e-01
4.275260140786190655e-01 1.513608513361417163e-01
4.918699462999042704e-01 6.925960987051403561e-02
5.564461381281866625e-01 0.000000000000000000e+00
