0.000000000000000000e+00 4.368257224559783936e-01
7.182371616363525391e-02 5.016042888164520264e-01
1.524982750415802002e-01 5.466084182262420654e-01
2.097564935684204102e-01 6.027275025844573975e-01
2.467410862445831299e-01 6.709882915019989014e-01
2.421984076499938965e-01 3.651838600635528564e-01
3.324602842330932617e-01 3.298217952251434326e-01
3.822652101516723633e-01 3.025192916393280029e-01
4.211552143096923828e-01 2.760050594806671143e-01
2.172937095165252686e-01 2.935570776462554932e-01
3.098365664482116699e-01 2.295100688934326172e-01
3.651055693626403809e-01 1.825422346591949463e-01
4.063473939895629883e-01 1.430177688598632812e-01
1.736026704311370850e-01 2.429100275039672852e-01
2.569414973258972168e-01 1.732218861579895020e-01
3.084489703178405762e-01 1.276035606861114502e-01
3.508140444755554199e-01 9.240928292274475098e-02
1.136905252933502197e-01 2.083348035812377930e-01
1.446610689163208008e-01 1.185155212879180908e-01
1.631992161273956299e-01 5.487164855003356934e-02
1.836383938789367676e-01 0.000000000000000000e+00
