0.000000000000000000e+00 7.076847717941662230e-01
2.031580672178825986e-01 7.843881555305738384e-01
4.145588691281152371e-01 8.362163954362418217e-01
5.743149768946430589e-01 9.104784464239706887e-01
6.886992548256571922e-01 1.000000000000000000e+00
5.806929734116585973e-01 5.276640338768003868e-01
7.908729809824818213e-01 4.528374816766155275e-01
9.057343026508496431e-01 4.002332628422365923e-01
1.000000000000000000e+00 3.482741882506645847e-01
5.049409783359903869e-01 4.302622133360468060e-01
7.128798077652852561e-01 3.118560258999565349e-01
8.338971962775952873e-01 2.290009333257854163e-01
9.260230075789019910e-01 1.577944653475526482e-01
3.877629804133478353e-01 3.668026990363600359e-01
5.723684007938314444e-01 2.422183348524349911e-01
6.906151824603538047e-01 1.656314453289162436e-01
7.892521625735205992e-01 1.019618253952692399e-01
2.338984062761392813e-01 3.296214818869424579e-01
2.909543298366911168e-01 1.841895222750257466e-01
3.286836784491904973e-01 8.674264432214420784e-02
3.722408727436923304e-01 0.000000000000000000e+00
