0.000000000000000000e+00 8.013621477809694804e-01
2.371721987310789759e-01 8.500354907217384515e-01
4.797563575817831438e-01 8.699002171655682014e-01
6.726485631805277920e-01 9.249989684587975880e-01
8.215258196279482394e-01 1.000000000000000000e+00
5.925187163853719019e-01 5.224530867420620339e-01
8.045735459115428423e-01 4.108345291922357312e-01
9.142650200240368674e-01 3.377050081182768060e-01
1.000000000000000000e+00 2.719267155100633659e-01
4.913627924248050727e-01 4.323609401647157124e-01
6.948672983321954044e-01 2.765929895889446266e-01
8.096217593202608143e-01 1.736808299333671979e-01
8.914686822466849625e-01 9.079535344404511543e-02
3.553935531784914170e-01 3.842148716487032711e-01
5.356439834058032146e-01 2.197766508889983650e-01
6.466903042136322721e-01 1.237743436593301410e-01
7.383740402237580769e-01 4.673067039149698260e-02
1.876822826204137262e-01 3.725327863724755550e-01
2.190425196347360048e-01 2.113941189031398882e-01
2.450312838142695848e-01 9.972987881434938751e-02
2.785093971227675103e-01 0.000000000000000000e+00
