0.000000000000000000e+00 5.171197056770324707e-01
9.444859623908996582e-02 5.247834920883178711e-01
1.853599250316619873e-01 5.066258907318115234e-01
2.553380131721496582e-01 5.091503858566284180e-01
3.097211122512817383e-01 5.292745828628540039e-01
1.908841729164123535e-01 2.946227192878723145e-01
2.504559159278869629e-01 2.035049796104431152e-01
2.823459506034851074e-01 1.521220207214355469e-01
3.086211085319519043e-01 1.068713665008544922e-01
1.497708857059478760e-01 2.531273365020751953e-01
2.074568271636962891e-01 1.376811563968658447e-01
2.421681284904479980e-01 6.902331113815307617e-02
2.681888937950134277e-01 1.312932372093200684e-02
1.002674698829650879e-01 2.383881807327270508e-01
1.508296430110931396e-01 1.211657524108886719e-01
1.854945421218872070e-01 5.472770333290100098e-02
2.146546840667724609e-01 0.000000000000000000e+00
4.196318984031677246e-02 2.474576234817504883e-01
4.742521047592163086e-02 1.466581821441650391e-01
5.288678407669067383e-02 7.675361633300781250e-02
5.998149514198303223e-02 1.270863413810729980e-02
