2.320433855056762695e-01 3.734131753444671631e-01
1.773665547370910645e-01 2.856314480304718018e-01
1.120368838310241699e-01 1.968424618244171143e-01
5.878704786300659180e-02 1.259156763553619385e-01
2.338045835494995117e-02 7.210412621498107910e-02
1.145594716072082520e-01 1.947729289531707764e-01
5.332309007644653320e-02 1.197489798069000244e-01
1.994371414184570312e-02 5.867806077003479004e-02
0.000000000000000000e+00 0.000000000000000000e+00
1.280935406684875488e-01 2.340014278888702393e-01
7.599997520446777344e-02 1.745089590549468994e-01
6.269669532775878906e-02 1.164697706699371338e-01
6.293767690658569336e-02 6.318405270576477051e-02
1.443903446197509766e-01 2.911337316036224365e-01
1.037449240684509277e-01 2.625435888767242432e-01
7.895374298095703125e-02 2.235698401927947998e-01
6.543910503387451172e-02 1.851406991481781006e-01
1.596481204032897949e-01 3.637787997722625732e-01
1.075882315635681152e-01 4.003902375698089600e-01
7.498764991760253906e-02 4.424587786197662354e-01
5.336081981658935547e-02 4.719664156436920166e-01
