0.000000000000000000e+00 1.000000000000000000e+00
3.154589071233139808e-01 9.808794225914458931e-01
6.009349817825747619e-01 9.102571243429501413e-01
8.198482883639559571e-01 8.845834441341262622e-01
1.000000000000000000e+00 9.033145129133370865e-01
5.651162422616829994e-01 5.239962951312241435e-01
7.394219172560643205e-01 3.431744297369013208e-01
8.317131976883442857e-01 2.476574685382685603e-01
9.109814195980031615e-01 1.624044915384634247e-01
4.329764413291281588e-01 4.696100458899761243e-01
5.920676909505876440e-01 2.460682777033639801e-01
7.006019716814794185e-01 1.104925458510307157e-01
7.845205171575119207e-01 0.000000000000000000e+00
2.780636454476484998e-01 4.624644264545559325e-01
4.195693027152563315e-01 2.400383277365837342e-01
5.308510222966934533e-01 1.132343017937566532e-01
6.269843698395832776e-01 6.646681073275012563e-03
9.897891674641956516e-02 4.989818170091083194e-01
1.141669629921949480e-01 3.219282262298477915e-01
1.396489887825399789e-01 1.971311044176651817e-01
1.675248676031608486e-01 8.286011715321993376e-02
