0.000000000000000000e+00 1.000000000000000000e+00
3.509656957915348596e-01 9.559852242621387219e-01
6.206028440294505399e-01 8.557660765038990203e-01
8.172001213940358610e-01 8.112260866121190350e-01
1.000000000000000000e+00 8.027589456455010986e-01
5.248540777171269989e-01 5.063914688001267539e-01
6.824242898241034139e-01 3.273068955452368423e-01
7.805127235084539095e-01 2.277905445954171992e-01
8.674866653640366243e-01 1.408849298839104647e-01
4.075985339175767774e-01 4.779147448277168420e-01
5.592787188356149741e-01 2.538243231840720537e-01
6.770331422347312111e-01 1.157647333332759293e-01
7.775894709381846459e-01 0.000000000000000000e+00
2.661577228640678028e-01 4.891864002252394039e-01
3.979936725437455136e-01 2.619854300427661986e-01
5.174996310369628372e-01 1.300423787551735766e-01
6.250478092949584008e-01 1.458986801626614010e-02
1.010003835136921713e-01 5.382262269562290147e-01
1.507886974669388203e-01 3.726897034778647866e-01
2.177953730995805248e-01 2.582368216450223741e-01
2.880204717322346619e-01 1.501565740883444577e-01
