0.000000000000000000e+00 1.000000000000000000e+00
4.527817292589056963e-01 9.127737722376630947e-01
6.277317247077329743e-01 7.925003798077556727e-01
7.850322141338418325e-01 7.350680444773791677e-01
1.000000000000000000e+00 7.251176215455052976e-01
3.570408100153806275e-01 5.043223527291375019e-01
5.226153897320876540e-01 3.100068700361611751e-01
6.691014468061270426e-01 1.794639729382381810e-01
7.987122806976597600e-01 7.586208796801445498e-02
2.900298977036416259e-01 4.957069297464786195e-01
4.976647524512149423e-01 2.601912199684440763e-01
6.875857721006112255e-01 1.135667330330745045e-01
8.466200832747904359e-01 0.000000000000000000e+00
2.504526374629196250e-01 5.206241554274906314e-01
4.690704054744772589e-01 3.034418686671243592e-01
6.736670607126435950e-01 1.831333588771607845e-01
8.310976669988633381e-01 9.067599513413858447e-02
2.457004546504815978e-01 5.756932545062055651e-01
4.270070671543034213e-01 4.224136496532241991e-01
5.696981463890529174e-01 3.204690339441160774e-01
6.885711301612048585e-01 2.387575283515954438e-01
