0.000000000000000000e+00 1.000000000000000000e+00
2.562999611709645270e-02 8.025509768504878183e-01
1.230650660696864240e-01 6.087200827804734038e-01
2.607924207737123412e-01 5.004384971617520383e-01
3.903767990165689095e-01 4.453593582976809739e-01
1.272698487870831119e-01 5.135936284225366411e-01
3.042835633786695193e-01 2.832844773736005739e-01
4.255322363352692649e-01 1.415296793598385117e-01
5.135129974452152801e-01 3.883515893506812172e-02
1.839846857696568472e-01 5.387507597281177008e-01
3.824309578098031848e-01 2.766805099400083678e-01
5.246007276693440691e-01 1.163933232436606124e-01
6.315252529841230977e-01 0.000000000000000000e+00
2.826932137945997736e-01 6.011993560124101466e-01
4.829372040807312638e-01 3.419394916116385574e-01
6.223872628173848787e-01 1.860851027500832477e-01
7.333184913603035815e-01 7.261707766014668941e-02
4.275357977793065034e-01 6.987100879666965358e-01
6.856539356180809675e-01 5.558578297523002476e-01
8.536301685973296527e-01 4.722682059639292662e-01
1.000000000000000000e+00 4.072664254652749727e-01
