7.635559862550404461e-03 1.000000000000000000e+00
0.000000000000000000e+00 7.728167598536432870e-01
8.058560885526429296e-02 5.688533854488047048e-01
1.983388609779176970e-01 4.539810766709309608e-01
3.082240454433279875e-01 3.975984038063356540e-01
9.730567753150146104e-02 5.084212208696566870e-01
2.447845753124699708e-01 2.833242630293736353e-01
3.503595275604775017e-01 1.434899607358118279e-01
4.338467249179303042e-01 4.090735184664420071e-02
1.901614627751038733e-01 5.350522851883396935e-01
3.761010734886823248e-01 2.795930749184628028e-01
5.053892956480349197e-01 1.175641209796467745e-01
6.053567698082510384e-01 0.000000000000000000e+00
3.082883395787024972e-01 6.023466348722728014e-01
5.053696771958511302e-01 3.645080916777319602e-01
6.333058772123810742e-01 2.062407287893695540e-01
7.311277531268365326e-01 8.873707650278751802e-02
4.492740152920978725e-01 7.057938449164599115e-01
7.105180835025425301e-01 6.015808854190199950e-01
8.695149551363875462e-01 5.364054126898385455e-01
1.000000000000000000e+00 4.850227589324510591e-01
