2.857066683758721984e-02 1.000000000000000000e+00
0.000000000000000000e+00 7.766595936560880542e-01
7.841719899014440442e-02 5.728153253656682597e-01
1.910381387482279203e-01 4.482631194406903608e-01
2.944497294077484395e-01 3.869272310677465132e-01
1.245703133096071474e-01 5.093076073615613319e-01
2.741036098110223307e-01 2.770948845719259923e-01
3.720073952356078850e-01 1.367913121758909667e-01
4.466869853951492275e-01 3.486710973094235555e-02
2.218712203115702775e-01 5.432381794802718655e-01
4.086469364819236283e-01 2.834773128488927152e-01
5.319917713440920348e-01 1.197822471054001553e-01
6.265296453572015700e-01 0.000000000000000000e+00
3.382006430155352628e-01 6.220543030947337515e-01
5.404688646574918875e-01 3.834927618988853149e-01
6.690424806050367934e-01 2.280080417791950920e-01
7.621998424645720638e-01 1.131831644308059215e-01
4.670583961206147827e-01 7.380142173774981718e-01
7.249324055780360654e-01 6.249344104808561839e-01
8.808985052395092996e-01 5.626093003051144681e-01
1.000000000000000000e+00 5.160020041824467940e-01
