3.736019134521484375e-03 5.194950699806213379e-01
0.000000000000000000e+00 3.949632048606872559e-01
3.000208735466003418e-02 2.919360995292663574e-01
7.051616907119750977e-02 2.382259368896484375e-01
1.076262891292572021e-01 2.180437147617340088e-01
4.310137033462524414e-02 2.518640756607055664e-01
9.430646896362304688e-02 1.380948126316070557e-01
1.259575486183166504e-01 6.862187385559082031e-02
1.490845680236816406e-01 1.643279194831848145e-02
7.817065715789794922e-02 2.667697072029113770e-01
1.402394771575927734e-01 1.384717822074890137e-01
1.807926297187805176e-01 5.955696105957031250e-02
2.111614942550659180e-01 0.000000000000000000e+00
1.167868077754974365e-01 3.068765401840209961e-01
1.843433380126953125e-01 1.892951130867004395e-01
2.275075912475585938e-01 1.140337884426116943e-01
2.590445876121520996e-01 5.730772018432617188e-02
1.582756340503692627e-01 3.693494200706481934e-01
2.423256039619445801e-01 3.207957148551940918e-01
2.931540608406066895e-01 2.937408685684204102e-01
3.329470157623291016e-01 2.725518941879272461e-01
