5.477191860023021552e-02 1.000000000000000000e+00
0.000000000000000000e+00 8.030668762916379766e-01
2.141598077492874383e-02 6.275454295460101140e-01
4.313612252443120576e-02 5.039616017792196700e-01
1.838199144153947542e-02 4.136430070072517062e-01
1.947294770004483755e-01 4.597337651755886712e-01
3.326532866428756896e-01 2.363856034680710816e-01
4.274822714794022649e-01 1.037059130167477805e-01
5.011964866785358907e-01 8.137955730613393238e-03
3.124866437934117891e-01 5.011745109367939932e-01
4.911871160295455674e-01 2.564668701806626649e-01
6.066488999074406419e-01 1.092108832766679194e-01
6.947772479724786399e-01 0.000000000000000000e+00
4.235935668642838992e-01 5.882642422760975265e-01
6.127463769445981034e-01 3.625514919112908796e-01
7.359061702724600806e-01 2.283319051243305753e-01
8.291177430731271336e-01 1.276665495396398509e-01
5.269263583016280394e-01 7.145753242520536119e-01
7.491606074828843775e-01 6.299406309489419264e-01
8.882600091248292751e-01 5.815126562002326249e-01
1.000000000000000000e+00 5.416738424331311030e-01
