6.070080399513244629e-02 4.934063553810119629e-01
2.805912494659423828e-02 3.872203230857849121e-01
2.310860157012939453e-02 2.857044339179992676e-01
1.929652690887451172e-02 2.081358134746551514e-01
0.000000000000000000e+00 1.558835506439208984e-01
1.305855810642242432e-01 2.177270650863647461e-01
1.862312853336334229e-01 1.132021248340606689e-01
2.233331501483917236e-01 4.746264219284057617e-02
2.534791231155395508e-01 0.000000000000000000e+00
1.793596446514129639e-01 2.498038411140441895e-01
2.511000633239746094e-01 1.399592161178588867e-01
2.985211610794067383e-01 7.267421483993530273e-02
3.352803587913513184e-01 2.529174089431762695e-02
2.166687250137329102e-01 3.041700720787048340e-01
2.908425927162170410e-01 2.087967395782470703e-01
3.390203714370727539e-01 1.489795744419097900e-01
3.755776286125183105e-01 1.026107072830200195e-01
2.429016828536987305e-01 3.733164072036743164e-01
3.162888884544372559e-01 3.429586887359619141e-01
3.646057844161987305e-01 3.213708996772766113e-01
4.048747420310974121e-01 3.038291335105895996e-01
