7.465898990631103516e-02 4.906345307826995850e-01
3.936663269996643066e-02 3.806619346141815186e-01
3.311401605606079102e-02 2.731980383396148682e-01
2.413940429687500000e-02 1.889441013336181641e-01
0.000000000000000000e+00 1.328573524951934814e-01
1.485562920570373535e-01 2.080072164535522461e-01
2.074351012706756592e-01 1.039429605007171631e-01
2.463510632514953613e-01 4.276463389396667480e-02
2.774668931961059570e-01 0.000000000000000000e+00
1.978732347488403320e-01 2.456414997577667236e-01
2.714827060699462891e-01 1.384618580341339111e-01
3.189254403114318848e-01 7.447057962417602539e-02
3.555211424827575684e-01 3.189739584922790527e-02
2.327218651771545410e-01 3.028976619243621826e-01
3.077024817466735840e-01 2.082540094852447510e-01
3.545314669609069824e-01 1.514668166637420654e-01
3.893439173698425293e-01 1.093936860561370850e-01
2.541119456291198730e-01 3.702513873577117920e-01
3.221974968910217285e-01 3.416678011417388916e-01
3.673692941665649414e-01 3.238863050937652588e-01
4.049400687217712402e-01 3.102906644344329834e-01
