1.000000000000000000e+00 9.737519749303864547e-01
6.554627100984835586e-01 7.222505105641600087e-01
3.858000878014586355e-01 4.772041225328120251e-01
1.806105311509766387e-01 3.173129178794282801e-01
0.000000000000000000e+00 1.935866610930550569e-01
3.506968493152323729e-01 5.043179325133917423e-01
2.093822557319160726e-01 2.925793698133324905e-01
1.281028066561639978e-01 1.367345295907372027e-01
1.246371012599628986e-01 0.000000000000000000e+00
4.964442801656026583e-01 6.206311888830372547e-01
6.368596265208252838e-01 3.758796461985156045e-01
7.481434895936132090e-01 2.144466460856855605e-01
8.797715128526263362e-01 7.933037130146093630e-02
6.949039865929326210e-01 7.684120735289980964e-01
7.878099517091977644e-01 6.116679873281160029e-01
8.839992009349539881e-01 4.597888493498692442e-01
9.884772547570088719e-01 3.133051872413435412e-01
8.733194812775949556e-01 9.331645085086482938e-01
8.702281880960839322e-01 9.912159040614623162e-01
8.811277104513640657e-01 1.000000000000000000e+00
9.219664536225279372e-01 9.709079458557902109e-01
