7.855159044265747070e-02 4.694705009460449219e-01
3.352081775665283203e-02 3.472920656204223633e-01
2.834615111351013184e-02 2.290163636207580566e-01
1.775604486465454102e-02 1.307082176208496094e-01
0.000000000000000000e+00 6.416437029838562012e-02
1.723812818527221680e-01 1.856754422187805176e-01
2.328927516937255859e-01 8.813047409057617188e-02
2.700256109237670898e-01 3.603798151016235352e-02
3.012974858283996582e-01 0.000000000000000000e+00
2.210739850997924805e-01 2.310073375701904297e-01
2.935838699340820312e-01 1.389692425727844238e-01
3.362026214599609375e-01 8.994546532630920410e-02
3.685155510902404785e-01 5.935257673263549805e-02
2.494871616363525391e-01 2.901622653007507324e-01
3.174232840538024902e-01 2.105991244316101074e-01
3.587356805801391602e-01 1.706486940383911133e-01
3.878788948059082031e-01 1.408036351203918457e-01
2.593052387237548828e-01 3.515374064445495605e-01
3.168618083000183105e-01 3.107426166534423828e-01
3.474197387695312500e-01 2.923740744590759277e-01
3.696441650390625000e-01 2.820933461189270020e-01
