3.628963099108171164e-01 1.000000000000000000e+00
1.793706228050291340e-01 7.808508114488827978e-01
1.420599476760363300e-01 5.451639239365396739e-01
7.272705709913854233e-02 3.541805770161906008e-01
0.000000000000000000e+00 2.115392203791562897e-01
5.665227618406125654e-01 4.273827881515785410e-01
6.990524850558472725e-01 2.065559020041337901e-01
7.830628233467409327e-01 8.577660739273583468e-02
8.515096619822353219e-01 0.000000000000000000e+00
7.019762228653331215e-01 5.021102552443941214e-01
8.556583472840243454e-01 2.981700886476315593e-01
9.303181512259403041e-01 1.817471347028773443e-01
9.948358858762943457e-01 1.028009561964767643e-01
7.727550797720774689e-01 5.833991894806394019e-01
8.963365947987079752e-01 4.065749242259508733e-01
9.566691670545727222e-01 3.001663424933047608e-01
1.000000000000000000e+00 2.150029198990550949e-01
7.967827024548275183e-01 6.529971333535709022e-01
8.946108509647516804e-01 5.034320957654927486e-01
9.417196685112755317e-01 4.211114518692811171e-01
9.674924415600587579e-01 3.546999100582336473e-01
