1.282259523868560791e-01 5.132973194122314453e-01
6.496703624725341797e-02 4.080780148506164551e-01
4.278481006622314453e-02 3.058607578277587891e-01
1.845186948776245117e-02 2.156162261962890625e-01
0.000000000000000000e+00 1.380630135536193848e-01
1.849538087844848633e-01 2.269235849380493164e-01
2.036215066909790039e-01 1.102568507194519043e-01
2.169689536094665527e-01 4.504749178886413574e-02
2.271047830581665039e-01 0.000000000000000000e+00
2.185932993888854980e-01 2.590457201004028320e-01
2.386304736137390137e-01 1.332451105117797852e-01
2.443607449531555176e-01 7.008215785026550293e-02
2.489793300628662109e-01 1.903375983238220215e-02
2.291311621665954590e-01 2.903019189834594727e-01
2.439998984336853027e-01 1.883519887924194336e-01
2.492935657501220703e-01 1.272755861282348633e-01
2.503845095634460449e-01 8.078396320343017578e-02
2.256038188934326172e-01 3.189247250556945801e-01
2.373189330101013184e-01 2.334402799606323242e-01
2.414194941520690918e-01 1.861056089401245117e-01
2.440263628959655762e-01 1.508201956748962402e-01
