4.992394468600347412e-01 1.000000000000000000e+00
2.070278888567658182e-01 8.285896345910425120e-01
1.336295015614668291e-01 6.130644883693220359e-01
6.449444827694782167e-02 4.211270743164950980e-01
0.000000000000000000e+00 2.655275926042116041e-01
7.449693860902072418e-01 4.800074139779964000e-01
8.196656085140732184e-01 2.394606676379284760e-01
8.679903592661821765e-01 1.046619991607469075e-01
9.044668542525998722e-01 0.000000000000000000e+00
8.851985538899272976e-01 5.209003378310315124e-01
9.659459970058765776e-01 2.713482560746555139e-01
9.838781054011581650e-01 1.293308597048569153e-01
1.000000000000000000e+00 1.841498590595875423e-02
9.229514156249731816e-01 5.577734810986733072e-01
9.724471949414772443e-01 3.435465293315504431e-01
9.673199733219598473e-01 2.077590042705204088e-01
9.412336017357900708e-01 1.054476620929867131e-01
9.062072242529719546e-01 5.821581007782949957e-01
9.350598681555226666e-01 4.031821392204616439e-01
9.214102721904331439e-01 2.957304581527567255e-01
8.849297697730935663e-01 2.113197859386539423e-01
