1.231635808944702148e-01 5.266409814357757568e-01
6.320118904113769531e-02 4.426183402538299561e-01
4.441025853157043457e-02 3.397952616214752197e-01
2.294257283210754395e-02 2.442260086536407471e-01
0.000000000000000000e+00 1.672051548957824707e-01
1.730867326259613037e-01 2.547154724597930908e-01
1.897753477096557617e-01 1.253723800182342529e-01
2.021213173866271973e-01 5.377343297004699707e-02
2.116504907608032227e-01 0.000000000000000000e+00
2.044560909271240234e-01 2.737602293491363525e-01
2.204132676124572754e-01 1.444963216781616211e-01
2.255840301513671875e-01 7.395353913307189941e-02
2.316880822181701660e-01 2.090656757354736328e-02
2.142985463142395020e-01 2.921254932880401611e-01
2.253188490867614746e-01 1.832058131694793701e-01
2.304900884628295898e-01 1.166776716709136963e-01
2.317780256271362305e-01 6.603816151618957520e-02
2.115582823753356934e-01 3.051806986331939697e-01
2.200438380241394043e-01 2.130955457687377930e-01
2.220972776412963867e-01 1.592159271240234375e-01
2.188631892204284668e-01 1.181756556034088135e-01
