5.758820757359313092e-01 1.000000000000000000e+00
3.468632366869408012e-01 8.487388907813255834e-01
2.301788434934094463e-01 6.584722091763546281e-01
1.062016468384078399e-01 4.889324787028119790e-01
0.000000000000000000e+00 3.557807761807120772e-01
7.172234731137610009e-01 4.925442933926080236e-01
7.470395344378688574e-01 2.464255984334827454e-01
7.619279682442197110e-01 1.026334258139395411e-01
7.876059501230442406e-01 0.000000000000000000e+00
8.468539004490822641e-01 5.193838779374555514e-01
8.996326698811673017e-01 2.734657615088937344e-01
9.088583518933428529e-01 1.339717464499836641e-01
9.368583762969744377e-01 3.340688777620436783e-02
9.036990174395377329e-01 5.553532884720749907e-01
9.679761495173534458e-01 3.521982776436904938e-01
9.885576547814202142e-01 2.313106427388658959e-01
1.000000000000000000e+00 1.387771165656040695e-01
9.025664670807026502e-01 5.844631503773672909e-01
9.702730489065416464e-01 4.265217306251890550e-01
9.879965561299242083e-01 3.364565814035463953e-01
9.938321669814796921e-01 2.648395913349859132e-01
