2.095407247543334961e-01 5.549721121788024902e-01
1.262155771255493164e-01 4.591792821884155273e-01
8.013108372688293457e-02 3.543862700462341309e-01
3.550791740417480469e-02 2.697071433067321777e-01
0.000000000000000000e+00 2.065155208110809326e-01
2.269781529903411865e-01 2.454643249511718750e-01
2.424984872341156006e-01 1.212807893753051758e-01
2.525848150253295898e-01 5.136120319366455078e-02
2.663356661796569824e-01 0.000000000000000000e+00
2.787478566169738770e-01 2.631163597106933594e-01
3.057137727737426758e-01 1.386374831199645996e-01
3.193859457969665527e-01 6.884780526161193848e-02
3.365648984909057617e-01 2.168044447898864746e-02
3.130224943161010742e-01 3.012141585350036621e-01
3.405607938766479492e-01 1.943767666816711426e-01
3.567298054695129395e-01 1.386346220970153809e-01
3.683120608329772949e-01 9.065738320350646973e-02
3.273915052413940430e-01 3.519197106361389160e-01
3.560086488723754883e-01 2.887170910835266113e-01
3.681685328483581543e-01 2.573222517967224121e-01
3.753173351287841797e-01 2.328696846961975098e-01
