1.624079942703247070e-01 5.441730022430419922e-01
8.929952979087829590e-02 4.550306200981140137e-01
5.325642228126525879e-02 3.519085645675659180e-01
2.672514319419860840e-02 2.684797048568725586e-01
0.000000000000000000e+00 2.149525880813598633e-01
1.796557605266571045e-01 2.470276355743408203e-01
2.067755758762359619e-01 1.216616034507751465e-01
2.257924079895019531e-01 5.140739679336547852e-02
2.422374486923217773e-01 0.000000000000000000e+00
2.378444373607635498e-01 2.657787203788757324e-01
2.772283852100372314e-01 1.331036686897277832e-01
3.015550076961517334e-01 5.802226066589355469e-02
3.233992159366607666e-01 7.168203592300415039e-03
2.797240912914276123e-01 3.075980544090270996e-01
3.216852247714996338e-01 1.882165968418121338e-01
3.484927713871002197e-01 1.211794018745422363e-01
3.702087700366973877e-01 7.115975022315979004e-02
3.073106110095977783e-01 3.617667555809020996e-01
3.532438576221466064e-01 3.014945983886718750e-01
3.833588659763336182e-01 2.654898762702941895e-01
4.098090827465057373e-01 2.360931038856506348e-01
