1.258686184883117676e-01 5.330625772476196289e-01
6.796747446060180664e-02 4.337931275367736816e-01
4.429739713668823242e-02 3.348256349563598633e-01
2.780836820602416992e-02 2.594145536422729492e-01
0.000000000000000000e+00 2.116729021072387695e-01
1.561058759689331055e-01 2.322546839714050293e-01
1.879432797431945801e-01 1.157071590423583984e-01
2.126532196998596191e-01 4.943221807479858398e-02
2.341978847980499268e-01 7.406175136566162109e-04
2.135851681232452393e-01 2.497582435607910156e-01
2.624243497848510742e-01 1.234822273254394531e-01
2.932617664337158203e-01 4.988026618957519531e-02
3.166911602020263672e-01 0.000000000000000000e+00
2.589617967605590820e-01 2.933064699172973633e-01
3.099824190139770508e-01 1.821300983428955078e-01
3.429107666015625000e-01 1.152760088443756104e-01
3.659257888793945312e-01 6.457284092903137207e-02
2.910755872726440430e-01 3.552995324134826660e-01
3.478575348854064941e-01 2.998934984207153320e-01
3.836101889610290527e-01 2.668997645378112793e-01
4.120098352432250977e-01 2.415468096733093262e-01
