1.154740106072116579e-01 1.000000000000000000e+00
4.669688111233474132e-02 7.810507573943937798e-01
4.431478456117236148e-02 5.701207892021584733e-01
4.273942887057616963e-02 4.116125280784357354e-01
0.000000000000000000e+00 3.021284130035168936e-01
3.303289823084813448e-01 4.237334748651173655e-01
4.679305829774779713e-01 2.137946081058551828e-01
5.639099292223315185e-01 8.894539732554997136e-02
6.420995804352966907e-01 0.000000000000000000e+00
4.490530697994719600e-01 4.896679036184998224e-01
6.322095543386605510e-01 2.762589724461103069e-01
7.530861646803723719e-01 1.479380645657533411e-01
8.444616998382951101e-01 6.035698881010805039e-02
5.379556896746237049e-01 5.989753256862712094e-01
7.311475697368203797e-01 4.155237203105709431e-01
8.532413889052805622e-01 3.050974844104098471e-01
9.407450138509713122e-01 2.200448964716244793e-01
5.968821082193627170e-01 7.413941223391662394e-01
7.856001624332403788e-01 6.864993178694499543e-01
9.043048524700986190e-01 6.497505586963950863e-01
1.000000000000000000e+00 6.214648019608207674e-01
