3.943477726352996870e-01 1.000000000000000000e+00
2.313253635707346600e-01 8.365193283157419391e-01
1.282052135299245055e-01 6.310934058693024040e-01
4.433765098133825994e-02 4.569568946338761206e-01
0.000000000000000000e+00 2.733712790956360772e-01
3.698420929546817892e-01 5.005086142181505160e-01
4.743116119866264691e-01 2.724523358749580404e-01
5.401393368144428164e-01 1.293097747506020967e-01
6.106220981125657365e-01 0.000000000000000000e+00
5.073823369281380558e-01 5.943052698433712866e-01
6.474190706750264646e-01 3.791954618466681914e-01
7.547281989279366332e-01 2.309790694199712335e-01
8.589193031495444552e-01 1.015929403095251066e-01
5.805874996187048165e-01 7.455260549666627989e-01
7.352863041543150624e-01 5.751709345390191297e-01
8.556097533921406262e-01 4.498297701410860494e-01
9.614242045258121205e-01 3.310071826243578541e-01
6.024277179876118549e-01 9.272140460269463480e-01
7.630201906198611495e-01 9.391032607617098016e-01
8.936743822324764164e-01 9.605435650059156449e-01
1.000000000000000000e+00 9.753946561769903933e-01
