4.851143342285266225e-02 1.000000000000000000e+00
0.000000000000000000e+00 7.345769962829751254e-01
2.419777649624111487e-02 4.957863691795748595e-01
3.869555530406715987e-02 3.089987655912067588e-01
1.407258271276313338e-02 1.701640662579199659e-01
3.421944591083260767e-01 3.880232818384605209e-01
5.182009454005898075e-01 1.897286039258780643e-01
6.415007351517750811e-01 7.546437973096897789e-02
7.436610430398290505e-01 0.000000000000000000e+00
4.504748951711292082e-01 5.006849547562822744e-01
6.758368822185734093e-01 3.098799342200581619e-01
8.208964416726508562e-01 1.953665101279198624e-01
9.327092355197086349e-01 1.191891647995072245e-01
5.150330198989814257e-01 6.562996657740913786e-01
7.483336070340249613e-01 5.000038635642981566e-01
8.939099977253101015e-01 4.065176121958374300e-01
1.000000000000000000e+00 3.358846196196762501e-01
5.397958170251768717e-01 8.363686690324558803e-01
7.361282879942678825e-01 8.150139212500727703e-01
8.604436691975886342e-01 7.957660578701218901e-01
9.593200205618115373e-01 7.792734677724924008e-01
