1.055657863616943359e-02 4.001275897026062012e-01
0.000000000000000000e+00 2.847056984901428223e-01
1.474201679229736328e-02 1.820296645164489746e-01
2.391511201858520508e-02 1.017309725284576416e-01
1.802396774291992188e-02 4.054766893386840820e-02
1.417636573314666748e-01 1.524473428726196289e-01
2.186148166656494141e-01 7.527112960815429688e-02
2.700881958007812500e-01 2.987241744995117188e-02
3.118010759353637695e-01 0.000000000000000000e+00
1.815553903579711914e-01 2.064788341522216797e-01
2.758322954177856445e-01 1.359578371047973633e-01
3.376367092132568359e-01 9.175521135330200195e-02
3.855451941490173340e-01 6.189182400703430176e-02
2.030480802059173584e-01 2.747962474822998047e-01
2.984154820442199707e-01 2.229200005531311035e-01
3.598483204841613770e-01 1.906103491783142090e-01
4.052165746688842773e-01 1.649986505508422852e-01
2.086359858512878418e-01 3.505606055259704590e-01
2.858723402023315430e-01 3.524156212806701660e-01
3.347996473312377930e-01 3.523761034011840820e-01
3.738068342208862305e-01 3.512234091758728027e-01
