0.000000000000000000e+00 9.042137370495945126e-01
7.132691410423541538e-03 6.094301700583962811e-01
6.763173245544912282e-02 3.561515787333832117e-01
1.097684359429526024e-01 1.554154536060269320e-01
1.055926107109242257e-01 0.000000000000000000e+00
3.705215728472913139e-01 3.260224497895748419e-01
5.785803847947296186e-01 1.762875080769873148e-01
7.153036605945337634e-01 9.203969037610325310e-02
8.227863362944634051e-01 3.847890363518879919e-02
4.507403579052618459e-01 4.867460268482687868e-01
7.049911313096219878e-01 3.654116782951082887e-01
8.682485336519060182e-01 2.945264344366437248e-01
9.922923172363552480e-01 2.469838351350762684e-01
4.857715082173020837e-01 6.775825486252785579e-01
7.291088241808457715e-01 5.992021933104394460e-01
8.846889329288417647e-01 5.557938317227759661e-01
1.000000000000000000e+00 5.159332943701886443e-01
4.802246367398838589e-01 8.848288162706220428e-01
6.609600518114135959e-01 9.518520804141226144e-01
7.768236363849666537e-01 9.839812468690329883e-01
8.708748646091832857e-01 1.000000000000000000e+00
