0.000000000000000000e+00 7.340921723270725785e-01
3.421524300282221404e-02 4.878467752963951409e-01
1.144923952858240834e-01 2.896602020998076399e-01
1.724158115323611851e-01 1.338137827782572009e-01
1.822472502964341268e-01 0.000000000000000000e+00
3.922462438906405557e-01 3.141528454545167159e-01
6.033046556000684069e-01 2.147441794043259966e-01
7.414357144839188729e-01 1.568366509332332626e-01
8.491597892152782379e-01 1.218829078193991305e-01
4.528618991747058176e-01 4.614485364435974013e-01
7.058926094611256419e-01 3.922644352272759982e-01
8.722570092574146727e-01 3.501038831729843537e-01
1.000000000000000000e+00 3.249190665091103436e-01
4.671429216332930734e-01 6.293806784361242190e-01
7.050324017108070551e-01 6.139477025059296711e-01
8.653013508892472005e-01 5.992358245226980795e-01
9.882414805126568114e-01 5.848637774002926060e-01
4.427833456821670954e-01 8.063549312706882466e-01
6.156380274501667138e-01 9.048753418740838050e-01
7.299875379628275596e-01 9.604709173193264338e-01
8.262609512205190132e-01 1.000000000000000000e+00
