0.000000000000000000e+00 6.052075238923156908e-01
6.551677678150387429e-02 3.973138269002920442e-01
1.722525878247914422e-01 2.440237922230316381e-01
2.460665826569767567e-01 1.178724884201566570e-01
2.625479150547658791e-01 0.000000000000000000e+00
4.219471944321638301e-01 2.928417610525503312e-01
6.411808107010970037e-01 2.502208649665573770e-01
7.829898190595209195e-01 2.258980125074300793e-01
8.905961067415030241e-01 2.137338187391278066e-01
4.601685452774415541e-01 4.374515027274094026e-01
7.117052891148969440e-01 4.271710188263360131e-01
8.760173139069072912e-01 4.229858852449286943e-01
1.000000000000000000e+00 4.253626475136585983e-01
4.545198556933350842e-01 5.948281466069821333e-01
6.883958814448184471e-01 6.287153669433488412e-01
8.444285008475745924e-01 6.499308269067496369e-01
9.635001156483694595e-01 6.630163650715701351e-01
4.114436171006370935e-01 7.517167196547833719e-01
5.645469912071078289e-01 8.775222656179130221e-01
6.690644562537776396e-01 9.478159045531240334e-01
7.581114239562081192e-01 1.000000000000000000e+00
