0.000000000000000000e+00 4.594459167077949435e-01
1.027504954719333091e-01 2.907637794520957497e-01
2.353488316343543829e-01 1.793258725676819265e-01
3.271440642219972661e-01 9.193722731063731779e-02
3.685425691061465225e-01 0.000000000000000000e+00
4.485879521265563885e-01 2.694127946102742310e-01
6.739840468542178664e-01 2.762979059532500448e-01
8.218380433020113784e-01 2.849892595756331470e-01
9.332984882382315828e-01 2.964471110586362479e-01
4.587437126645265706e-01 3.996831774711440133e-01
7.116061101830458702e-01 4.463510996777957929e-01
8.779854237786663962e-01 4.811039247420032527e-01
1.000000000000000000e+00 5.140535131103269872e-01
4.261208789906432703e-01 5.347835330543584398e-01
6.536419543923405184e-01 6.245573640283937911e-01
8.074962923777320167e-01 6.821438906666253965e-01
9.244350758035695392e-01 7.279058846319808040e-01
3.602340205924546290e-01 6.677447638056517309e-01
4.964421371203424638e-01 8.295222817800336212e-01
5.895351048396524352e-01 9.240757844842364399e-01
6.692146412966362146e-01 1.000000000000000000e+00
