0.000000000000000000e+00 1.945909857749938965e-01
6.074631214141845703e-02 1.248219013214111328e-01
1.314274668693542480e-01 8.631774783134460449e-02
1.785090863704681396e-01 4.698887467384338379e-02
2.013155519962310791e-01 0.000000000000000000e+00
2.137029469013214111e-01 1.475185453891754150e-01
3.108648955821990967e-01 1.824738383293151855e-01
3.735269606113433838e-01 2.069594562053680420e-01
4.194143116474151611e-01 2.270739972591400146e-01
2.045607268810272217e-01 2.115705311298370361e-01
3.092286288738250732e-01 2.709226012229919434e-01
3.770456612110137939e-01 3.099661469459533691e-01
4.267393648624420166e-01 3.406711220741271973e-01
1.782522499561309814e-01 2.775687575340270996e-01
2.683856189250946045e-01 3.633582592010498047e-01
3.258290588855743408e-01 4.141231775283813477e-01
3.696481883525848389e-01 4.518002271652221680e-01
1.388167738914489746e-01 3.387732505798339844e-01
1.804995834827423096e-01 4.446136355400085449e-01
2.117899358272552490e-01 5.045341849327087402e-01
2.406743466854095459e-01 5.531396269798278809e-01
