0.000000000000000000e+00 2.576722948927768764e-01
1.785748492105251606e-01 1.557909920681195548e-01
3.688633849393581632e-01 1.179226631602509762e-01
4.950776518745648169e-01 7.094945989671086473e-02
5.741187701604075766e-01 0.000000000000000000e+00
5.281552370402902152e-01 2.711444394850644479e-01
7.514164379293890583e-01 3.884302020880330275e-01
8.952359818051998097e-01 4.634195461229041468e-01
1.000000000000000000e+00 5.219543040046322746e-01
4.826655223791371796e-01 3.893362383683550698e-01
7.126344613436202957e-01 5.521729009647557973e-01
8.625780766613125872e-01 6.635983295378438118e-01
9.717554488229996901e-01 7.506005987892857556e-01
3.953080830615043340e-01 5.017308682980793355e-01
5.637541877830973824e-01 7.047009784275906075e-01
6.770155122335369535e-01 8.420331358070363148e-01
7.688480147656516772e-01 9.440937135167231098e-01
2.809934874602738053e-01 5.962176685284447109e-01
3.537944009285527436e-01 7.898152206499646777e-01
4.075389416421216215e-01 9.075207433887220176e-01
4.636115065748560582e-01 1.000000000000000000e+00
