0.000000000000000000e+00 7.461157441139221191e-02
7.757693529129028320e-02 4.129505157470703125e-02
1.605202257633209229e-01 4.055434465408325195e-02
2.170282900333404541e-01 2.834165096282958984e-02
2.555345594882965088e-01 0.000000000000000000e+00
2.100761234760284424e-01 1.169241666793823242e-01
2.986452281475067139e-01 1.960599422454833984e-01
3.552714884281158447e-01 2.488859891891479492e-01
3.959618508815765381e-01 2.891768813133239746e-01
1.824501454830169678e-01 1.705862879753112793e-01
2.727375328540802002e-01 2.718229889869689941e-01
3.317325413227081299e-01 3.429368734359741211e-01
3.739188611507415771e-01 3.981186747550964355e-01
1.385926902294158936e-01 2.202998399734497070e-01
2.040543854236602783e-01 3.469041585922241211e-01
2.470167577266693115e-01 4.299083948135375977e-01
2.815306484699249268e-01 4.934829473495483398e-01
8.473375439643859863e-02 2.618782520294189453e-01
9.856161475181579590e-02 3.811494112014770508e-01
1.100154817104339600e-01 4.530808329582214355e-01
1.224322021007537842e-01 5.105075836181640625e-01
