0.000000000000000000e+00 1.900982856750488281e-02
8.193922042846679688e-02 0.000000000000000000e+00
1.660981178283691406e-01 2.187559008598327637e-02
2.232199907302856445e-01 2.731633186340332031e-02
2.722377181053161621e-01 1.627427339553833008e-02
2.157689929008483887e-01 7.607674598693847656e-02
2.998805046081542969e-01 1.543087959289550781e-01
3.540401458740234375e-01 2.102180719375610352e-01
3.935130238533020020e-01 2.521111369132995605e-01
1.853533387184143066e-01 1.194712221622467041e-01
2.697509527206420898e-01 2.208788394927978516e-01
3.249520063400268555e-01 2.924669384956359863e-01
3.656366467475891113e-01 3.502092957496643066e-01
1.390401124954223633e-01 1.616556644439697266e-01
1.977553963661193848e-01 2.882561087608337402e-01
2.388531565666198730e-01 3.772968053817749023e-01
2.744956612586975098e-01 4.487293362617492676e-01
8.300530910491943359e-02 1.970756053924560547e-01
8.994841575622558594e-02 3.162267804145812988e-01
8.961641788482666016e-02 3.891529440879821777e-01
9.144210815429687500e-02 4.479186534881591797e-01
