1.623569726943969727e-01 5.633185803890228271e-01
8.337885141372680664e-02 4.936424195766448975e-01
4.472422599792480469e-02 4.033943116664886475e-01
1.769328117370605469e-02 3.529227077960968018e-01
0.000000000000000000e+00 3.113660514354705811e-01
7.575672864913940430e-02 2.915282547473907471e-01
5.913382768630981445e-02 1.860524117946624756e-01
4.215997457504272461e-02 1.153409183025360107e-01
3.069019317626953125e-02 5.916467308998107910e-02
9.338480234146118164e-02 2.915134727954864502e-01
7.841992378234863281e-02 1.619651019573211670e-01
6.596928834915161133e-02 7.386538386344909668e-02
5.947464704513549805e-02 0.000000000000000000e+00
1.097272038459777832e-01 3.113624155521392822e-01
1.023253798484802246e-01 1.790370345115661621e-01
9.664201736450195312e-02 9.292030334472656250e-02
9.216183423995971680e-02 1.431798934936523438e-02
1.247749924659729004e-01 3.494922816753387451e-01
1.259557008743286133e-01 2.582803070545196533e-01
1.233834028244018555e-01 1.928969025611877441e-01
1.225481033325195312e-01 1.318335235118865967e-01
