4.756434770494589181e-01 1.000000000000000000e+00
2.777405087804974970e-01 8.737070276917182632e-01
1.554609627240285952e-01 6.849065377070320260e-01
6.504166354107185355e-02 5.250888257499821687e-01
0.000000000000000000e+00 3.718828591656266891e-01
3.629679015445286261e-01 4.948969301997390158e-01
4.256972883104794825e-01 2.678809728600467510e-01
4.703592571443442893e-01 1.237580828816982476e-01
5.195974029751579959e-01 0.000000000000000000e+00
4.873132488988975997e-01 5.566110287555771086e-01
5.836646463842353194e-01 3.309883927983426899e-01
6.611015769837831346e-01 1.738109764818356884e-01
7.393586126339348752e-01 3.865565773447273562e-02
5.707869916060556159e-01 6.792547569014008024e-01
6.954098917804255597e-01 4.809017909803848245e-01
7.828055032922081047e-01 3.391959265668833545e-01
8.613423881177387775e-01 2.038247155740613992e-01
6.208202887590342778e-01 8.432935553382925331e-01
7.788341863017809175e-01 8.235181884983617806e-01
8.992536845022037761e-01 8.110531628909410928e-01
1.000000000000000000e+00 7.892979976387314300e-01
