0.000000000000000000e+00 0.000000000000000000e+00
2.117469259851889052e-01 2.217763217837173467e-04
4.347597269270397358e-01 9.905382961022721200e-02
5.751912155461326170e-01 2.560362485090373341e-01
6.678535370522995507e-01 3.955488155780889636e-01
5.232601934189881066e-01 8.394540798851674729e-03
7.532816320491086959e-01 1.900446993066148837e-01
8.918430970310246009e-01 3.230924324157880001e-01
1.000000000000000000e+00 4.321144575315952197e-01
4.689965017649213586e-01 8.129754679809983453e-02
7.003331525918868872e-01 2.950734864330412099e-01
8.487110179230528129e-01 4.561930812108589972e-01
9.564722663508888889e-01 5.902593961236641817e-01
3.719340793941184886e-01 1.937583690988287088e-01
5.299503774521945321e-01 4.463030853366570794e-01
6.379265855936153695e-01 6.466826876581206474e-01
7.284916163613851525e-01 8.156112289975069318e-01
2.442119265019593310e-01 3.206909993939980330e-01
2.631312483593063467e-01 6.212938138041492753e-01
2.680120366251073083e-01 8.228131802679393703e-01
2.663681612357288730e-01 1.000000000000000000e+00
