0.000000000000000000e+00 3.221812844276428223e-02
7.885867357254028320e-02 3.155088424682617188e-02
1.628141105175018311e-01 5.339255928993225098e-02
2.124242186546325684e-01 1.008101403713226318e-01
2.442524433135986328e-01 1.439108550548553467e-01
2.059457302093505859e-01 0.000000000000000000e+00
3.096476197242736816e-01 5.058422684669494629e-02
3.757853507995605469e-01 8.388689160346984863e-02
4.279043674468994141e-01 1.074495613574981689e-01
1.894965767860412598e-01 1.328769326210021973e-02
2.991455197334289551e-01 5.777859687805175781e-02
3.702390193939208984e-01 9.383091330528259277e-02
4.251668453216552734e-01 1.244709789752960205e-01
1.595526933670043945e-01 4.486700892448425293e-02
2.364719510078430176e-01 9.960266947746276855e-02
2.923591136932373047e-01 1.555446684360504150e-01
3.369731307029724121e-01 2.005625069141387939e-01
1.194748282432556152e-01 8.971944451332092285e-02
1.346812248229980469e-01 1.757930815219879150e-01
1.347030401229858398e-01 2.361343204975128174e-01
1.325079798698425293e-01 2.854184210300445557e-01
