0.000000000000000000e+00 4.560719132423400879e-01
7.922664284706115723e-02 5.029726028442382812e-01
1.623774468898773193e-01 5.204917788505554199e-01
2.267543375492095947e-01 5.436164140701293945e-01
2.760038077831268311e-01 5.748631358146667480e-01
2.109870612621307373e-01 3.297170400619506836e-01
2.852430641651153564e-01 2.631921768188476562e-01
3.267485797405242920e-01 2.171766757965087891e-01
3.593954145908355713e-01 1.745448410511016846e-01
1.758017241954803467e-01 2.713627219200134277e-01
2.443421185016632080e-01 1.788240671157836914e-01
2.866204082965850830e-01 1.146007180213928223e-01
3.178658187389373779e-01 6.009978055953979492e-02
1.280603408813476562e-01 2.377058863639831543e-01
1.894913613796234131e-01 1.428717672824859619e-01
2.290721833705902100e-01 8.264467120170593262e-02
2.615821063518524170e-01 3.349345922470092773e-02
7.052943110466003418e-02 2.251614332199096680e-01
9.082815051078796387e-02 1.271049380302429199e-01
1.026233732700347900e-01 5.925655364990234375e-02
1.165887713432312012e-01 0.000000000000000000e+00
