0.000000000000000000e+00 8.882977783238149572e-01
2.624935813688930031e-01 9.431908541324165451e-01
5.267008665083541263e-01 9.480542238067422023e-01
7.342070642637088529e-01 9.613515548306706959e-01
8.928217753554867908e-01 1.000000000000000000e+00
6.115825053991343907e-01 5.748988749838565004e-01
8.096996582632265405e-01 4.293229853260696616e-01
9.147098322384771274e-01 3.338119351754570419e-01
1.000000000000000000e+00 2.427382625527800264e-01
4.898029331934818376e-01 4.744263202747429631e-01
6.711012189603396960e-01 2.772419998653220530e-01
7.696494081168735457e-01 1.523126054746686830e-01
8.405165717965760175e-01 4.516812565949623881e-02
3.389824892989348748e-01 4.256243303378518528e-01
4.954889322081204583e-01 2.312099076979063361e-01
5.887596512207583510e-01 1.063551175064934434e-01
6.652377891761024342e-01 0.000000000000000000e+00
1.590282598659813473e-01 4.209420493448222111e-01
1.764494241075478809e-01 2.388661636449616599e-01
1.904616175443252790e-01 1.177065584790112224e-01
2.132102684224524425e-01 8.930220241789172883e-03
