0.000000000000000000e+00 5.235922634601593018e-01
8.866092562675476074e-02 5.321712791919708252e-01
1.701024770736694336e-01 5.074251592159271240e-01
2.348822951316833496e-01 4.973740875720977783e-01
2.840901017189025879e-01 5.075739324092864990e-01
1.742294430732727051e-01 3.027468621730804443e-01
2.222811579704284668e-01 2.119669616222381592e-01
2.479249835014343262e-01 1.574891507625579834e-01
2.688441276550292969e-01 1.071586906909942627e-01
1.311467885971069336e-01 2.602843344211578369e-01
1.746447682380676270e-01 1.405161917209625244e-01
2.003253698348999023e-01 6.945753097534179688e-02
2.195570468902587891e-01 9.382665157318115234e-03
8.196187019348144531e-02 2.465461194515228271e-01
1.207666397094726562e-01 1.298555433750152588e-01
1.456439495086669922e-01 5.978554487228393555e-02
1.666350960731506348e-01 0.000000000000000000e+00
2.592337131500244141e-02 2.576395571231842041e-01
2.340996265411376953e-02 1.574640572071075439e-01
2.354973554611206055e-02 9.035995602607727051e-02
2.655154466629028320e-02 2.939838171005249023e-02
