0.000000000000000000e+00 1.000000000000000000e+00
4.199761645753138373e-01 9.460325985805978499e-01
6.513296429565775814e-01 8.308283888397961503e-01
8.219017309159114548e-01 7.660780412259112770e-01
1.000000000000000000e+00 7.486061695682992845e-01
5.459573666463279906e-01 4.937033365842949384e-01
6.669469975265723827e-01 3.167917147173843206e-01
7.481566370206836902e-01 2.124185848778720742e-01
8.264893477042806191e-01 1.181170182419003095e-01
4.509690147032453522e-01 4.680792747766319151e-01
5.591742591915865868e-01 2.504648498903326304e-01
6.504150805212250974e-01 1.108812496085678501e-01
7.259149740941956974e-01 0.000000000000000000e+00
3.386458221763715692e-01 4.757526728592063603e-01
4.320564255111254415e-01 2.590200906772645029e-01
5.277842526971963100e-01 1.349506480124762486e-01
6.096483164512922492e-01 2.852054910932725132e-02
2.247341552511277485e-01 5.166990766959164150e-01
3.108216121345848126e-01 3.411104678529910395e-01
4.058135896968362855e-01 2.336457708839982106e-01
5.055709904541979549e-01 1.355380452138165714e-01
