0.000000000000000000e+00 1.000000000000000000e+00
1.149178999471565099e-01 8.030104954308571186e-01
2.573403327518655193e-01 6.006008049013461525e-01
4.434051444035441158e-01 4.770188627438292084e-01
6.052900037931456811e-01 3.950117919475470418e-01
1.830064580487376913e-01 5.238015455015272437e-01
3.913917906460778751e-01 2.815710704220179550e-01
5.532223236530279253e-01 1.354040873504801235e-01
6.839723450994761311e-01 2.908406400851596893e-02
2.196910408727034414e-01 5.499602854318802470e-01
4.310133242382838126e-01 2.772898837011704143e-01
6.130553504072469018e-01 1.182769503059260541e-01
7.585339194115233719e-01 0.000000000000000000e+00
3.216423974177228806e-01 6.172370261614799070e-01
5.186901465662053790e-01 3.587588767525055067e-01
6.892658413029351117e-01 2.020960547475159075e-01
8.263290873292443717e-01 8.642391373733469828e-02
4.971723256417615588e-01 7.172471989205798648e-01
7.148929264416621354e-01 5.613093536042318421e-01
8.644991918257641794e-01 4.548741944501040746e-01
1.000000000000000000e+00 3.677859325024316894e-01
