1.139444304763417154e-01 1.000000000000000000e+00
4.010132020625741672e-02 8.325912952587047888e-01
3.186804259830235825e-02 6.686625074656613599e-01
3.360394694473483462e-02 5.561991537451634882e-01
0.000000000000000000e+00 4.788497166036082553e-01
1.751213203238835558e-01 4.979343030820639893e-01
2.712023853108491145e-01 2.694620688038054657e-01
3.524066857220994331e-01 1.317489409414049628e-01
4.240364030812164287e-01 3.629793833887936388e-02
2.918400733104844491e-01 5.208064515038079989e-01
4.314469410590174303e-01 2.641945078435382066e-01
5.330307033601373590e-01 1.095930901739158025e-01
6.176801627945615047e-01 0.000000000000000000e+00
4.236965738449481877e-01 5.806387246700172033e-01
5.914274812864181996e-01 3.517942500936237504e-01
6.954828626082711907e-01 2.150075519011423464e-01
7.775820405486670861e-01 1.163201329693750591e-01
5.649301741895926821e-01 6.744078820248519124e-01
7.711296960393811961e-01 5.513702884603027821e-01
8.961973310631490275e-01 4.719841264652029911e-01
1.000000000000000000e+00 4.057174058075348477e-01
