1.075979471206665039e-01 5.207503437995910645e-01
5.844122171401977539e-02 4.360895752906799316e-01
3.210949897766113281e-02 3.429130315780639648e-01
1.850211620330810547e-02 2.728616595268249512e-01
0.000000000000000000e+00 2.234659790992736816e-01
1.280544400215148926e-01 2.392614483833312988e-01
1.601464748382568359e-01 1.205972433090209961e-01
1.834866404533386230e-01 5.189216136932373047e-02
2.038820981979370117e-01 1.653909683227539062e-03
1.764702796936035156e-01 2.578049898147583008e-01
2.236792445182800293e-01 1.315215229988098145e-01
2.556477785110473633e-01 5.543616414070129395e-02
2.818015813827514648e-01 0.000000000000000000e+00
2.181604504585266113e-01 2.982558608055114746e-01
2.701328396797180176e-01 1.834861934185028076e-01
3.013896346092224121e-01 1.150468587875366211e-01
3.237688541412353516e-01 6.335037946701049805e-02
2.532192468643188477e-01 3.541919589042663574e-01
3.062045574188232422e-01 2.866464257240295410e-01
3.381367921829223633e-01 2.430524826049804688e-01
3.649154901504516602e-01 2.070381045341491699e-01
