3.930843152108571825e-01 1.000000000000000000e+00
2.217476129959532472e-01 8.123897725624585897e-01
1.456591997054868803e-01 6.258186874873064021e-01
7.135534990076623785e-02 4.728592632992678624e-01
0.000000000000000000e+00 3.753697201550301732e-01
4.749162959520084604e-01 4.594712191738909435e-01
5.688980661347197154e-01 2.258038523928675989e-01
6.381359211776354012e-01 9.464224506867402464e-02
7.054730757493061777e-01 0.000000000000000000e+00
6.220631398612531671e-01 5.051460519619184186e-01
7.662619650971463914e-01 2.697103602104937714e-01
8.520049069480475357e-01 1.305187151345278962e-01
9.255051818510294792e-01 3.623146084649414567e-02
7.267166798938244909e-01 5.845099212837088221e-01
8.574460209648112619e-01 3.813161014606167853e-01
9.360067564776647364e-01 2.598373648483465748e-01
9.921001184228308567e-01 1.698735462493212445e-01
7.851337440101828768e-01 6.819577478680838301e-01
8.990342904876349461e-01 5.536619539145162250e-01
9.584118908873772158e-01 4.745612989416680416e-01
1.000000000000000000e+00 4.134891696381620130e-01
