4.848021927480329341e-01 1.000000000000000000e+00
3.050510581641427410e-01 9.276363342183571170e-01
1.761710684004596239e-01 7.687203496383981927e-01
8.660833342988652483e-02 6.273097924207317044e-01
0.000000000000000000e+00 5.134861825952946601e-01
3.390777441212963206e-01 5.180953373287530139e-01
3.542535120591570608e-01 3.007227800123975503e-01
3.749537174403767548e-01 1.636196985667019710e-01
4.035650290742631707e-01 5.250039867367146257e-02
4.641142034437750752e-01 5.376840331671081108e-01
5.230050138809897442e-01 2.914818102093073571e-01
5.678996004713138257e-01 1.319586027424936581e-01
6.174718110875633270e-01 0.000000000000000000e+00
5.639502813223991051e-01 6.149412726680131280e-01
6.522786887640805720e-01 3.927748894673275259e-01
7.067476571579410782e-01 2.422936326361362080e-01
7.585196431998766364e-01 1.057025265427718047e-01
6.446192085090390878e-01 7.410948584967895769e-01
8.018844495133468087e-01 6.629368176882771690e-01
9.106579100483656042e-01 6.080087981402428898e-01
1.000000000000000000e+00 5.538405351905490992e-01
