1.546051204204559326e-01 5.092746615409851074e-01
8.745700120925903320e-02 4.130227565765380859e-01
6.067588925361633301e-02 3.141205906867980957e-01
2.862086892127990723e-02 2.320489883422851562e-01
0.000000000000000000e+00 1.784049868583679199e-01
1.974758207798004150e-01 2.269588112831115723e-01
2.362484633922576904e-01 1.112161278724670410e-01
2.626294195652008057e-01 4.697996377944946289e-02
2.871946990489959717e-01 0.000000000000000000e+00
2.479051649570465088e-01 2.558152079582214355e-01
3.021394908428192139e-01 1.425746679306030273e-01
3.348334133625030518e-01 7.957643270492553711e-02
3.630552589893341064e-01 3.634148836135864258e-02
2.792333066463470459e-01 3.023062944412231445e-01
3.233857452869415283e-01 2.054848074913024902e-01
3.519624173641204834e-01 1.485759913921356201e-01
3.726767599582672119e-01 1.029736995697021484e-01
2.895796000957489014e-01 3.545386791229248047e-01
3.265968263149261475e-01 2.871569395065307617e-01
3.432779610157012939e-01 2.534964084625244141e-01
3.531375229358673096e-01 2.305262684822082520e-01
