4.315408325161865788e-01 1.000000000000000000e+00
2.545747323401212903e-01 8.019497398186122838e-01
1.766508459322209956e-01 6.126026522927654483e-01
8.534638318283005454e-02 4.585259631141148651e-01
0.000000000000000000e+00 3.627232252867109152e-01
5.279099933016532242e-01 4.579675991171470728e-01
6.282707627798848060e-01 2.269200560752843987e-01
6.936960110990123551e-01 9.567784519506036811e-02
7.586340336619327163e-01 0.000000000000000000e+00
6.649564607456891485e-01 5.039692548432423980e-01
8.035928991076821681e-01 2.772435535050125632e-01
8.869223642907843042e-01 1.496565104720210815e-01
9.597125706501522524e-01 6.570030847436518495e-02
7.562241760678835023e-01 5.877420606495785682e-01
8.718254574571167037e-01 3.953031557016849495e-01
9.456447529509151018e-01 2.852464229045434396e-01
1.000000000000000000e+00 2.004163203708232699e-01
7.945245044093689479e-01 6.855058563280150841e-01
8.909795703645537746e-01 5.724642244068962604e-01
9.401336059089863140e-01 5.132561874906287347e-01
9.767055157888222539e-01 4.716450238287488994e-01
