1.366253495216369629e-01 4.767463207244873047e-01
8.101040124893188477e-02 4.059118628501892090e-01
5.155745148658752441e-02 3.293529152870178223e-01
2.702695131301879883e-02 2.708025574684143066e-01
0.000000000000000000e+00 2.326929569244384766e-01
1.521031856536865234e-01 2.144311070442199707e-01
1.731929779052734375e-01 1.102710366249084473e-01
1.926676630973815918e-01 5.034354329109191895e-02
2.121200561523437500e-01 6.588071584701538086e-03
2.021874785423278809e-01 2.236272692680358887e-01
2.389697432518005371e-01 1.124894022941589355e-01
2.636500597000122070e-01 4.559442400932312012e-02
2.853342890739440918e-01 0.000000000000000000e+00
2.430286407470703125e-01 2.546458244323730469e-01
2.864894270896911621e-01 1.553521752357482910e-01
3.092848062515258789e-01 9.667086601257324219e-02
3.255370855331420898e-01 5.203181505203247070e-02
2.752692103385925293e-01 3.027303218841552734e-01
3.259277343750000000e-01 2.560430765151977539e-01
3.566321134567260742e-01 2.259441018104553223e-01
3.815833926200866699e-01 2.002711892127990723e-01
