2.708062529563903809e-02 4.111881554126739502e-01
0.000000000000000000e+00 3.312415778636932373e-01
5.958795547485351562e-03 2.689087688922882080e-01
1.142388582229614258e-02 2.208738029003143311e-01
5.242705345153808594e-03 1.895387470722198486e-01
8.543059229850769043e-02 1.800782978534698486e-01
1.401480436325073242e-01 9.697338938713073730e-02
1.750324964523315430e-01 4.895707964897155762e-02
2.021623253822326660e-01 1.662978529930114746e-02
1.256574988365173340e-01 1.957138478755950928e-01
1.880463361740112305e-01 9.724745154380798340e-02
2.281950116157531738e-01 3.957507014274597168e-02
2.595204114913940430e-01 0.000000000000000000e+00
1.605859398841857910e-01 2.368973791599273682e-01
2.252182960510253906e-01 1.484694778919219971e-01
2.660520076751708984e-01 9.237822890281677246e-02
2.963781356811523438e-01 5.092689394950866699e-02
1.904273629188537598e-01 2.983046472072601318e-01
2.638514637947082520e-01 2.749154865741729736e-01
3.111038208007812500e-01 2.662487924098968506e-01
3.478795886039733887e-01 2.610081732273101807e-01
