0.000000000000000000e+00 3.937042951583862305e-01
7.562893629074096680e-02 3.661382794380187988e-01
1.156274080276489258e-01 2.974750995635986328e-01
1.472459435462951660e-01 2.551539540290832520e-01
1.740640997886657715e-01 2.229909896850585938e-01
8.969247341156005859e-02 1.985149979591369629e-01
1.599909067153930664e-01 1.375494897365570068e-01
2.120459079742431641e-01 1.030979156494140625e-01
2.514729499816894531e-01 7.800257205963134766e-02
8.623853325843811035e-02 1.920025944709777832e-01
1.615772843360900879e-01 9.721297025680541992e-02
2.167351841926574707e-01 4.350286722183227539e-02
2.580456137657165527e-01 0.000000000000000000e+00
9.145155549049377441e-02 2.114174365997314453e-01
1.659338474273681641e-01 1.061966419219970703e-01
2.184934020042419434e-01 4.932287335395812988e-02
2.571563124656677246e-01 4.054427146911621094e-03
1.087313890457153320e-01 2.538222670555114746e-01
1.752986311912536621e-01 2.050306797027587891e-01
2.183789610862731934e-01 1.720259785652160645e-01
2.543280124664306641e-01 1.452773511409759521e-01
