0.000000000000000000e+00 9.969867454681943242e-01
3.233524730822250337e-01 1.000000000000000000e+00
5.777642869354848720e-01 9.340255784077846624e-01
7.579249415077158325e-01 9.173440352919092211e-01
9.178859751922560095e-01 9.295345764456436344e-01
6.021638071206052434e-01 5.458359559078673762e-01
7.973997414214308854e-01 3.708159009874215650e-01
9.051984456561037451e-01 2.698073008599377598e-01
1.000000000000000000e+00 1.776943151918999320e-01
5.172615419204140697e-01 4.953601293616600176e-01
7.170818461106739372e-01 2.611522266759540578e-01
8.568736409226962447e-01 1.180225739047181671e-01
9.706142387247508330e-01 0.000000000000000000e+00
4.036228619692572850e-01 4.803813713558663934e-01
5.780846790954887737e-01 2.543350227203667324e-01
7.122834211143405092e-01 1.240722743514367232e-01
8.238008840061614713e-01 1.412780302401883334e-02
2.580662178782692218e-01 5.015282871425784661e-01
3.315518884770131125e-01 3.238976701161400684e-01
4.088416635755268147e-01 2.097231780246205102e-01
4.863403840783878107e-01 1.073165313117115105e-01
