0.000000000000000000e+00 4.815731048583984375e-01
7.815614342689514160e-02 4.875483512878417969e-01
1.452215909957885742e-01 4.709531068801879883e-01
1.979917883872985840e-01 4.665613174438476562e-01
2.412843704223632812e-01 4.816296100616455078e-01
1.447037458419799805e-01 2.623531222343444824e-01
1.902781724929809570e-01 1.857541799545288086e-01
2.143430113792419434e-01 1.388790607452392578e-01
2.312819957733154297e-01 9.768003225326538086e-02
1.087053716182708740e-01 2.255827784538269043e-01
1.511172652244567871e-01 1.252957284450531006e-01
1.745298504829406738e-01 6.392633914947509766e-02
1.914221644401550293e-01 1.369604468345642090e-02
6.876507401466369629e-02 2.111896872520446777e-01
9.704062342643737793e-02 1.088070869445800781e-01
1.186430454254150391e-01 4.840224981307983398e-02
1.354999542236328125e-01 0.000000000000000000e+00
2.194833755493164062e-02 2.158620357513427734e-01
1.452612876892089844e-02 1.239779591560363770e-01
1.232627034187316895e-02 6.353062391281127930e-02
1.326322555541992188e-02 9.708225727081298828e-03
