4.846181310512463758e-02 9.845785298503555438e-01
3.488234923491354555e-01 1.000000000000000000e+00
6.126614264443680513e-01 9.688497644670952536e-01
8.236327319715829320e-01 9.493472743310732431e-01
1.000000000000000000e+00 9.744483577986020606e-01
5.690879205543685204e-01 5.408766706457938112e-01
7.216469227971777922e-01 3.799033394199594071e-01
7.886727631874199673e-01 2.729435811671672152e-01
8.254961759494356954e-01 1.794389642148420116e-01
4.254010030187836411e-01 4.640011282000645054e-01
5.519807797105902303e-01 2.545919247389078488e-01
6.098102178807939255e-01 1.247035396903941468e-01
6.420286314663152805e-01 1.850207066745743548e-02
2.697133426700815684e-01 4.349132901395538209e-01
3.542584083239284087e-01 2.237503524070693084e-01
4.095041390829132211e-01 1.005216059888122682e-01
4.469739761172318304e-01 0.000000000000000000e+00
9.248774966313645651e-02 4.481831962111778589e-01
4.230243326564743500e-02 2.685241135975093840e-01
1.682670678447034315e-02 1.468055410640821956e-01
0.000000000000000000e+00 3.731268017530378622e-02
