0.000000000000000000e+00 9.008505658890483270e-01
3.022455389004706228e-01 9.359288919322035216e-01
5.942713627410518562e-01 9.304516581123298824e-01
8.279652653082539837e-01 9.506164940587495948e-01
1.000000000000000000e+00 1.000000000000000000e+00
6.167615666439781874e-01 5.117924814837494507e-01
8.062207172001242261e-01 3.570172189515611327e-01
8.977640682486586199e-01 2.541891076698672980e-01
9.630256967000985213e-01 1.652664156298357945e-01
4.661810722856443157e-01 4.236761484464920957e-01
6.224987533842615273e-01 2.259603153908890660e-01
6.939964352188391361e-01 1.000018254190023492e-01
7.420290960003190772e-01 0.000000000000000000e+00
2.974229042808442802e-01 3.877182634880607104e-01
4.191005328662554819e-01 2.027664438658320634e-01
4.856871105771847219e-01 9.320906890138652701e-02
5.407106249560682532e-01 1.821145446150414173e-04
1.025837502123598671e-01 3.938422084615069707e-01
1.021204696838256404e-01 2.481422698602992749e-01
9.579980287716488574e-02 1.498871689588902878e-01
9.684083443819220538e-02 5.973204436366473524e-02
