0.000000000000000000e+00 7.371511403078944147e-01
2.021619366284057862e-01 8.135363468983896063e-01
4.127605184059836008e-01 8.689664108426541356e-01
5.643273143110520973e-01 9.380918857962613489e-01
6.807644683051575774e-01 1.000000000000000000e+00
5.814255818133740039e-01 5.058296862508483427e-01
7.871001650859243970e-01 4.056926348777689095e-01
9.020511993459687794e-01 3.347911601584872554e-01
1.000000000000000000e+00 2.659038118258599259e-01
4.935968100580399032e-01 4.040159663340384122e-01
6.964247292479217588e-01 2.594834485787921308e-01
8.116869595206541721e-01 1.609538077955947888e-01
9.009499850079347727e-01 8.023274026389125291e-02
3.701762212374631322e-01 3.439314772201702008e-01
5.399733876409186228e-01 2.009571795791106341e-01
6.423245437620114240e-01 1.113419150590045370e-01
7.271374855131231829e-01 3.546197291147581282e-02
2.100993594789304642e-01 3.166033171597285034e-01
2.691137283822695458e-01 1.802937140944463890e-01
3.039483403071776002e-01 8.672839847773365640e-02
3.431986831616591349e-01 0.000000000000000000e+00
