2.346759736537933350e-01 5.427466034889221191e-01
1.513325273990631104e-01 5.108014345169067383e-01
8.955046534538269043e-02 4.344187974929809570e-01
4.400202631950378418e-02 3.692591190338134766e-01
0.000000000000000000e+00 3.210884928703308105e-01
1.473254859447479248e-01 2.868291735649108887e-01
1.419411599636077881e-01 1.717618703842163086e-01
1.447323858737945557e-01 9.780380129814147949e-02
1.496088206768035889e-01 3.703349828720092773e-02
2.031020224094390869e-01 2.875885367393493652e-01
2.153587639331817627e-01 1.552287936210632324e-01
2.257664501667022705e-01 7.078510522842407227e-02
2.369701564311981201e-01 0.000000000000000000e+00
2.509505450725555420e-01 3.192646503448486328e-01
2.741080224514007568e-01 1.939993500709533691e-01
2.866384685039520264e-01 1.117899417877197266e-01
2.981780469417572021e-01 3.678673505783081055e-02
2.928064763545989990e-01 3.774455189704895020e-01
3.482182919979095459e-01 3.250251412391662598e-01
3.862811028957366943e-01 2.893542647361755371e-01
4.174699485301971436e-01 2.549457550048828125e-01
