0.000000000000000000e+00 5.480714075758187365e-01
1.268225987709352687e-01 6.659995286535826953e-01
2.549231666166452692e-01 7.747412165519341753e-01
3.288697641174144759e-01 8.920126471927865008e-01
3.743864573882448310e-01 1.000000000000000000e+00
5.368935437551017875e-01 5.234595300077492519e-01
7.468188763235755756e-01 5.009550491026034669e-01
8.749063843914792749e-01 4.784124948189063531e-01
9.865827621117939650e-01 4.528855502185853976e-01
5.133974428790780697e-01 4.123494569570911872e-01
7.456052204942247297e-01 3.509610062301709577e-01
8.848587564495999924e-01 3.009305776645689323e-01
1.000000000000000000e+00 2.566862980641244074e-01
4.425621115640143710e-01 3.255299985072021007e-01
6.429726156993642583e-01 2.448549203362271054e-01
7.690395543708119508e-01 1.968684495455404748e-01
8.796703284969443759e-01 1.586578460995682061e-01
3.316950293828573315e-01 2.567420519561981473e-01
4.345145779153736232e-01 1.429868334421287579e-01
5.058989948570759010e-01 6.735944142435824900e-02
5.855105789949819339e-01 0.000000000000000000e+00
