0.000000000000000000e+00 2.561956644058227539e-01
3.490656614303588867e-02 3.378279805183410645e-01
7.231661677360534668e-02 4.126837253570556641e-01
9.135106205940246582e-02 4.831779599189758301e-01
1.024692654609680176e-01 5.483184456825256348e-01
1.893313527107238770e-01 2.986186146736145020e-01
2.647257447242736816e-01 3.131982684135437012e-01
3.124374747276306152e-01 3.177767395973205566e-01
3.566066622734069824e-01 3.172193169593811035e-01
1.913622617721557617e-01 2.315602898597717285e-01
2.824082970619201660e-01 2.235367298126220703e-01
3.366312980651855469e-01 2.129706442356109619e-01
3.833869695663452148e-01 2.006433308124542236e-01
1.732143461704254150e-01 1.722112894058227539e-01
2.550563216209411621e-01 1.478925943374633789e-01
3.078643679618835449e-01 1.342805624008178711e-01
3.547760248184204102e-01 1.226913332939147949e-01
1.391629576683044434e-01 1.176891326904296875e-01
1.928554177284240723e-01 6.450343132019042969e-02
2.287001013755798340e-01 3.017702698707580566e-02
2.662607431411743164e-01 0.000000000000000000e+00
