0.000000000000000000e+00 1.562949120998382568e-01
2.898481488227844238e-02 2.427014708518981934e-01
5.728664994239807129e-02 3.220767378807067871e-01
6.440606713294982910e-02 4.049134850502014160e-01
5.641338229179382324e-02 4.860863685607910156e-01
1.812354028224945068e-01 2.600100636482238770e-01
2.484762370586395264e-01 3.099201321601867676e-01
2.913964092731475830e-01 3.402791619300842285e-01
3.299894034862518311e-01 3.618252277374267578e-01
1.971238553524017334e-01 1.981273889541625977e-01
2.864945828914642334e-01 2.274056077003479004e-01
3.429033458232879639e-01 2.407192587852478027e-01
3.881092369556427002e-01 2.478063106536865234e-01
1.925348341464996338e-01 1.355108320713043213e-01
2.811778485774993896e-01 1.449910700321197510e-01
3.362002670764923096e-01 1.464383006095886230e-01
3.807472288608551025e-01 1.487821936607360840e-01
1.715286076068878174e-01 7.096165418624877930e-02
2.363314330577850342e-01 3.992080688476562500e-02
2.787435948848724365e-01 1.749020814895629883e-02
3.194980323314666748e-01 0.000000000000000000e+00
