2.481983304023742676e-01 5.429402887821197510e-01
1.626988649368286133e-01 5.206682384014129639e-01
9.609556198120117188e-02 4.546990096569061279e-01
4.561898112297058105e-02 3.993999660015106201e-01
0.000000000000000000e+00 3.580453693866729736e-01
1.379379034042358398e-01 2.961875498294830322e-01
1.223869323730468750e-01 1.830630004405975342e-01
1.191281676292419434e-01 1.095496714115142822e-01
1.183739900588989258e-01 4.864996671676635742e-02
1.953271627426147461e-01 2.864964306354522705e-01
1.946457028388977051e-01 1.551482379436492920e-01
1.980142593383789062e-01 7.033467292785644531e-02
2.026975154876708984e-01 0.000000000000000000e+00
2.472519278526306152e-01 3.082929551601409912e-01
2.550361752510070801e-01 1.841830909252166748e-01
2.577694654464721680e-01 1.029017269611358643e-01
2.599546909332275391e-01 2.917295694351196289e-02
2.947187423706054688e-01 3.563792407512664795e-01
3.423437476158142090e-01 2.942781150341033936e-01
3.748312592506408691e-01 2.519238889217376709e-01
4.010267853736877441e-01 2.114144861698150635e-01
