6.710436613250113647e-01 1.000000000000000000e+00
4.437449888827084132e-01 9.746452032684107536e-01
2.544548737994158927e-01 8.640697655212823403e-01
1.115570573961438827e-01 7.721093336864174317e-01
0.000000000000000000e+00 7.107210037119862100e-01
3.331972784991428793e-01 5.618214266276866375e-01
2.783854691618304900e-01 3.550630609847201802e-01
2.594065018346941587e-01 2.238469326223995470e-01
2.470318271310415759e-01 1.148226280342827393e-01
4.801404401144012679e-01 5.216336313698987093e-01
4.594277209324884037e-01 2.758378098387537225e-01
4.529528648055496931e-01 1.228037911052588665e-01
4.484201623867241082e-01 0.000000000000000000e+00
6.197575566512020240e-01 5.375320557862064419e-01
6.183007140226407516e-01 3.028949918647146355e-01
6.085656950845960145e-01 1.541731482241141815e-01
5.953555941877859414e-01 2.640278503215800349e-02
7.531039750948418376e-01 6.050305821203513235e-01
8.678942925173882550e-01 4.691849361971054400e-01
9.428295363778697036e-01 3.779754037925674437e-01
1.000000000000000000e+00 2.961310483592555221e-01
