2.843705415725708008e-01 5.430782437324523926e-01
1.927418112754821777e-01 5.437635779380798340e-01
1.125678420066833496e-01 4.939979910850524902e-01
5.064123868942260742e-02 4.496101140975952148e-01
0.000000000000000000e+00 4.235131740570068359e-01
1.339246034622192383e-01 3.163532614707946777e-01
1.027485132217407227e-01 2.070038914680480957e-01
8.876913785934448242e-02 1.370868682861328125e-01
7.842367887496948242e-02 7.775181531906127930e-02
1.906662583351135254e-01 2.838063836097717285e-01
1.723875999450683594e-01 1.494224667549133301e-01
1.641606092453002930e-01 6.662800908088684082e-02
1.582171916961669922e-01 0.000000000000000000e+00
2.470279932022094727e-01 2.829188704490661621e-01
2.364037632942199707e-01 1.514194011688232422e-01
2.281699776649475098e-01 7.065704464912414551e-02
2.195878028869628906e-01 9.294450283050537109e-04
3.033044934272766113e-01 3.100761771202087402e-01
3.423539400100708008e-01 2.238546609878540039e-01
3.689164519309997559e-01 1.671034097671508789e-01
3.886726498603820801e-01 1.163186728954315186e-01
