2.886150479316711426e-01 5.314560532569885254e-01
1.978412270545959473e-01 5.486307144165039062e-01
1.141781806945800781e-01 5.161935091018676758e-01
5.103486776351928711e-02 4.823173880577087402e-01
0.000000000000000000e+00 4.653153419494628906e-01
1.203933954238891602e-01 3.317157030105590820e-01
7.733440399169921875e-02 2.285021543502807617e-01
5.659705400466918945e-02 1.605530977249145508e-01
4.079285264015197754e-02 1.018025875091552734e-01
1.737584471702575684e-01 2.863043546676635742e-01
1.439608335494995117e-01 1.561772227287292480e-01
1.299583315849304199e-01 7.511276006698608398e-02
1.195026636123657227e-01 8.316963911056518555e-03
2.296506166458129883e-01 2.721032500267028809e-01
2.082716226577758789e-01 1.446075737476348877e-01
1.937453746795654297e-01 6.708833575248718262e-02
1.799125075340270996e-01 0.000000000000000000e+00
2.882879376411437988e-01 2.863488197326660156e-01
3.183523416519165039e-01 1.950950622558593750e-01
3.390033841133117676e-01 1.351910829544067383e-01
3.533325791358947754e-01 8.167970180511474609e-02
