9.379680444644719062e-01 9.496012242673997905e-01
6.699947311518804627e-01 1.000000000000000000e+00
4.111572342455117046e-01 9.742554607560114377e-01
2.128280499806217418e-01 9.379789317505083934e-01
4.629525975458985421e-02 9.331456644705918846e-01
3.621227775645613489e-01 6.317542053290780002e-01
1.792576908475520814e-01 4.640227620785892237e-01
7.833102675710232332e-02 3.504524986788380425e-01
0.000000000000000000e+00 2.474159105544969928e-01
5.100913260714724506e-01 5.230446269019479733e-01
3.697409920348079804e-01 2.956014379905618217e-01
2.908921419028602795e-01 1.489877421563768067e-01
2.297382018672979032e-01 2.572094204944780707e-02
6.788934399537263076e-01 4.754309943307178377e-01
5.692978122481557879e-01 2.544230412895844284e-01
4.915357682295820596e-01 1.178681552825747159e-01
4.222816585374878362e-01 0.000000000000000000e+00
8.651156003400304328e-01 4.792068825600214188e-01
9.312565400450391051e-01 3.027953798490970461e-01
9.726907163500229103e-01 1.805219092647417645e-01
1.000000000000000000e+00 7.145432768615012087e-02
