3.404157459735870361e-01 4.574002325534820557e-01
2.639039456844329834e-01 4.957778155803680420e-01
1.832030117511749268e-01 5.028881132602691650e-01
1.155185401439666748e-01 5.042829215526580811e-01
6.138631701469421387e-02 5.207621753215789795e-01
1.471187770366668701e-01 3.313402235507965088e-01
7.635363936424255371e-02 2.605476677417755127e-01
3.366634249687194824e-02 2.111629545688629150e-01
0.000000000000000000e+00 1.647478044033050537e-01
1.854368150234222412e-01 2.668627798557281494e-01
1.275120675563812256e-01 1.587698757648468018e-01
9.238931536674499512e-02 8.726853132247924805e-02
6.464394927024841309e-02 2.524694800376892090e-02
2.345551550388336182e-01 2.326572239398956299e-01
1.877171695232391357e-01 1.242048740386962891e-01
1.554292142391204834e-01 5.884021520614624023e-02
1.259677112102508545e-01 6.038546562194824219e-04
2.925061285495758057e-01 2.225719988346099854e-01
3.014610707759857178e-01 1.242935657501220703e-01
3.083190023899078369e-01 5.876007676124572754e-02
3.110873997211456299e-01 0.000000000000000000e+00
