3.618853688240051270e-01 4.429760575294494629e-01
2.968174219131469727e-01 4.958851337432861328e-01
2.282252907752990723e-01 5.271565318107604980e-01
1.650967001914978027e-01 5.483963489532470703e-01
1.106774210929870605e-01 5.757512450218200684e-01
1.690707802772521973e-01 3.647710680961608887e-01
9.043204784393310547e-02 3.162677884101867676e-01
4.120010137557983398e-02 2.792525887489318848e-01
0.000000000000000000e+00 2.402136325836181641e-01
1.966550350189208984e-01 2.887752652168273926e-01
1.249656081199645996e-01 1.988173723220825195e-01
8.009052276611328125e-02 1.394730210304260254e-01
4.175186157226562500e-02 8.513081073760986328e-02
2.403289675712585449e-01 2.428306341171264648e-01
1.819003820419311523e-01 1.466047167778015137e-01
1.417707800865173340e-01 8.909887075424194336e-02
1.042075753211975098e-01 3.781518340110778809e-02
2.958260178565979004e-01 2.215343117713928223e-01
2.936624288558959961e-01 1.244726181030273438e-01
2.929396033287048340e-01 5.871099233627319336e-02
2.885405421257019043e-01 0.000000000000000000e+00
