1.000000000000000000e+00 1.000000000000000000e+00
6.943874514428793887e-01 8.159283426027983399e-01
4.888866397280764442e-01 6.271742752001725485e-01
3.204746120472631854e-01 5.050999439001307989e-01
1.685990502918469636e-01 4.160462917402857896e-01
6.690004154835652583e-01 5.268210005661860817e-01
4.315352392770952505e-01 3.282164402336460451e-01
2.632698959970927177e-01 1.953526915887264792e-01
1.219798140261824371e-01 8.826419050568883040e-02
6.753584508367062034e-01 5.286756140428423567e-01
3.798924289946654653e-01 2.839345039700573170e-01
2.190900213169105493e-01 1.314044603880995532e-01
7.451200850182787550e-02 0.000000000000000000e+00
5.942669135365132860e-01 5.692897147033639804e-01
3.347642396632419803e-01 3.099275154242218666e-01
1.898664548543919084e-01 1.642271527041466173e-01
6.856798986997528211e-02 3.926942213460272307e-02
4.205837819125665678e-01 6.375919268927167094e-01
2.634642528281669338e-01 4.805419046354097445e-01
1.270605949592639172e-01 3.704200552007150815e-01
0.000000000000000000e+00 2.710009498396274141e-01
