1.000000000000000000e+00 7.475126452604753391e-01
8.095931034757691824e-01 8.335284550605048803e-01
5.999066265473836923e-01 8.906348460434296843e-01
4.012933197673105301e-01 9.387131386965398283e-01
2.400286853168474011e-01 1.000000000000000000e+00
4.744405233697185365e-01 6.311696798513625195e-01
2.549772966968033572e-01 5.546031343700553728e-01
1.179642461178923990e-01 4.926165372326275493e-01
0.000000000000000000e+00 4.271031689509554030e-01
5.640882512011644589e-01 4.958382487612694178e-01
3.648996434711005432e-01 3.427733048696476326e-01
2.390990259129048834e-01 2.357092361017760485e-01
1.320958840822625546e-01 1.350613529255094425e-01
6.970189152113238640e-01 4.163725687958300670e-01
5.502689802139527631e-01 2.445286206749775204e-01
4.450948595433825705e-01 1.344299777897159653e-01
3.454777881476842061e-01 3.415823867379391005e-02
8.610262840953738506e-01 3.845587816286391569e-01
8.736102615121095205e-01 2.160996493897285597e-01
8.903069231454097121e-01 1.013101808466248116e-01
8.958862970028804718e-01 0.000000000000000000e+00
