9.110318977081555136e-01 7.515912798627640834e-01
7.346161827735576688e-01 8.457185641039356438e-01
5.351099423292799973e-01 9.113078773128956422e-01
3.543540911499840629e-01 9.565113051551354939e-01
1.917586403361824787e-01 1.000000000000000000e+00
4.543057853745122165e-01 6.323105985351820113e-01
2.361462710347503602e-01 5.441682840539621147e-01
1.089977563569957536e-01 4.734131615846320362e-01
0.000000000000000000e+00 3.982598122557203801e-01
5.623189239200105938e-01 4.933303070998207862e-01
3.897914721065635080e-01 3.228279173145767178e-01
2.812706929355344165e-01 2.041089835675997943e-01
1.856739020512451210e-01 8.922652909959921663e-02
7.020338894418828302e-01 4.216397346211301911e-01
5.937870833257687941e-01 2.412422298549318223e-01
5.113470796461561108e-01 1.177879013062631125e-01
4.286176408939443849e-01 0.000000000000000000e+00
8.640113807399374402e-01 4.072312972082876570e-01
9.249968793652512122e-01 2.616816036204004936e-01
9.709605934843578146e-01 1.584030274433691488e-01
1.000000000000000000e+00 6.345789603383522604e-02
