2.665904760360717773e-01 3.834095001220703125e-01
2.048264145851135254e-01 4.213048815727233887e-01
1.324560642242431641e-01 4.327315688133239746e-01
6.929504871368408203e-02 4.348658919334411621e-01
1.270633935928344727e-02 4.388853311538696289e-01
1.314365863800048828e-01 3.012197613716125488e-01
6.503891944885253906e-02 2.391821146011352539e-01
3.025633096694946289e-02 1.988604664802551270e-01
0.000000000000000000e+00 1.574065387248992920e-01
1.796635985374450684e-01 2.476961016654968262e-01
1.379266381263732910e-01 1.486985385417938232e-01
1.131855249404907227e-01 8.598190546035766602e-02
9.247863292694091797e-02 2.655285596847534180e-02
2.319589853286743164e-01 2.308722138404846191e-01
2.176417708396911621e-01 1.309773325920104980e-01
2.068874239921569824e-01 6.424528360366821289e-02
1.946346163749694824e-01 0.000000000000000000e+00
2.857325077056884766e-01 2.431224584579467773e-01
3.242581486701965332e-01 1.854144930839538574e-01
3.547434806823730469e-01 1.468799710273742676e-01
3.780416250228881836e-01 1.108185648918151855e-01
