2.529882788658142090e-01 3.571300506591796875e-01
1.896656155586242676e-01 3.879218697547912598e-01
1.191814541816711426e-01 3.798567056655883789e-01
5.916720628738403320e-02 3.701397180557250977e-01
0.000000000000000000e+00 3.609977960586547852e-01
1.355237960815429688e-01 2.657919526100158691e-01
7.956689596176147461e-02 1.924284696578979492e-01
4.933393001556396484e-02 1.499982178211212158e-01
2.245336771011352539e-02 1.038865447044372559e-01
1.888580918312072754e-01 2.268585562705993652e-01
1.596429347991943359e-01 1.315249800682067871e-01
1.433262228965759277e-01 6.761729717254638672e-02
1.311815977096557617e-01 3.804832696914672852e-03
2.415678501129150391e-01 2.248179316520690918e-01
2.412623167037963867e-01 1.319064497947692871e-01
2.423127293586730957e-01 6.641343235969543457e-02
2.408781051635742188e-01 0.000000000000000000e+00
2.922758460044860840e-01 2.504507899284362793e-01
3.388950824737548828e-01 2.075132727622985840e-01
3.786567449569702148e-01 1.802480816841125488e-01
4.095807671546936035e-01 1.515400707721710205e-01
