6.242300982350009741e-01 9.521358354220240683e-01
4.569822144236185268e-01 1.000000000000000000e+00
2.835270844016146152e-01 9.384811692327723609e-01
1.405443492697463492e-01 8.929055043781126688e-01
0.000000000000000000e+00 8.455551577097100147e-01
3.449902745834514395e-01 6.750441066371537513e-01
2.208095787239474639e-01 4.502641515575664943e-01
1.474129382297217628e-01 3.286796490999641662e-01
8.545053163446858502e-02 1.984775072426027687e-01
4.768341803857423788e-01 6.078511441684840699e-01
4.232283478763829709e-01 3.499437681065069583e-01
3.948291218709725214e-01 1.731759220077471462e-01
3.760704989928406183e-01 0.000000000000000000e+00
6.021099502153871574e-01 6.347937892646723368e-01
6.225610912660206608e-01 4.065876761824159247e-01
6.316527150031048254e-01 2.383121480420559157e-01
6.340515789648291101e-01 6.406432082288987528e-02
7.151645099104050329e-01 7.317276455844535787e-01
8.268268601797380546e-01 6.451059535822402102e-01
9.220801212774227817e-01 6.042955958464893973e-01
1.000000000000000000e+00 5.574740405585755232e-01
