8.340734466359411847e-02 1.000000000000000000e+00
4.002140279931662437e-01 9.745017471192531922e-01
6.610845834390814968e-01 8.663972627276016469e-01
8.354018382008181476e-01 7.478977959062574898e-01
1.000000000000000000e+00 6.742906594538558007e-01
5.106759012738201209e-01 5.163173471953430571e-01
6.025060307392680059e-01 3.303168253713421598e-01
6.381023696267601464e-01 2.149713386179767372e-01
6.636579893271189468e-01 1.112606428107089651e-01
3.433951113804092348e-01 4.687876327167201929e-01
3.988557315268660419e-01 2.517176706695864463e-01
4.220475767177073179e-01 1.123121328763660998e-01
4.329941569585487593e-01 0.000000000000000000e+00
1.747171090397070803e-01 4.694623225045504444e-01
2.144965693037673427e-01 2.645140673283662425e-01
2.356024981089110681e-01 1.410868436144878391e-01
2.529739780816877004e-01 3.371673583022105625e-02
0.000000000000000000e+00 5.075051546593867258e-01
8.685294383552541811e-03 3.459257455665245562e-01
1.325688241006571337e-02 2.437353754358131674e-01
2.471184597510228675e-02 1.469631634842137324e-01
