5.180001258850097656e-02 5.521070361137390137e-01
1.378386020660400391e-01 5.268775224685668945e-01
2.081086933612823486e-01 4.613821506500244141e-01
2.589328587055206299e-01 4.012648463249206543e-01
3.058466017246246338e-01 3.641554713249206543e-01
1.594014167785644531e-01 2.762715518474578857e-01
1.829009354114532471e-01 1.724459528923034668e-01
1.926692426204681396e-01 1.108279824256896973e-01
1.987798511981964111e-01 5.696707963943481445e-02
1.099959313869476318e-01 2.549412846565246582e-01
1.223155856132507324e-01 1.333135962486267090e-01
1.282544434070587158e-01 5.942302942276000977e-02
1.303406953811645508e-01 0.000000000000000000e+00
6.196078658103942871e-02 2.585907578468322754e-01
6.901904940605163574e-02 1.428861618041992188e-01
7.413867115974426270e-02 7.365009188652038574e-02
7.803872227668762207e-02 1.435232162475585938e-02
1.264503598213195801e-02 2.841846942901611328e-01
4.964858293533325195e-03 1.927481293678283691e-01
1.409679651260375977e-03 1.329267024993896484e-01
0.000000000000000000e+00 7.706382870674133301e-02
