2.188792715790255361e-01 1.000000000000000000e+00
4.989187713230802679e-01 9.481539268207506144e-01
7.035734035182369395e-01 8.166686178878186375e-01
8.555772935474357244e-01 7.027361057691070556e-01
1.000000000000000000e+00 6.461995385453890295e-01
5.186181234907074611e-01 4.951621007829097865e-01
5.821227182059719452e-01 3.075477488501582313e-01
6.108179985294573955e-01 1.981643919839948531e-01
6.303623037395347239e-01 1.037641550852631128e-01
3.617525452442573730e-01 4.641900496755169137e-01
3.912481317784149981e-01 2.446934269163158204e-01
4.050535317293466608e-01 1.089476279112127632e-01
4.083232788444600136e-01 0.000000000000000000e+00
2.122890689821350929e-01 4.779623620732189604e-01
2.257492184737931451e-01 2.668092975188923188e-01
2.436831089016840979e-01 1.400744636413442379e-01
2.558862941222876386e-01 3.380654779396722459e-02
5.942144015719970362e-02 5.290575696377173287e-01
2.698957528349794216e-02 3.611093734825841506e-01
9.759475513372729838e-03 2.487222390207569356e-01
0.000000000000000000e+00 1.426851607766837227e-01
