3.090088634670281054e-01 1.000000000000000000e+00
5.830814327157883836e-01 9.172946812641207259e-01
7.596080643221129192e-01 7.622361701759052810e-01
8.896657820974448461e-01 6.525558283321460928e-01
1.000000000000000000e+00 5.778350846405718721e-01
5.198384348727783655e-01 4.828049857989721305e-01
5.655204469872318063e-01 3.017872811375497122e-01
5.874773723480256615e-01 1.973262628825793730e-01
6.032175486748879711e-01 9.935527231630127132e-02
3.702470657190325976e-01 4.657274727469689624e-01
3.778261242576433365e-01 2.539135627713965948e-01
3.936903108836737331e-01 1.183456694253449820e-01
3.999387389122109893e-01 0.000000000000000000e+00
2.297525284290792558e-01 4.912743422534335824e-01
2.226784172813537910e-01 2.858412644061198438e-01
2.477402223234096146e-01 1.545940605360212883e-01
2.669089452123625805e-01 3.734630839516665801e-02
8.383558443968369689e-02 5.524556517237408926e-01
2.023453504198481287e-02 3.916640425083081634e-01
4.112745203591654068e-03 2.772163947223334479e-01
0.000000000000000000e+00 1.665346944307716515e-01
