2.864312990899104960e-01 1.000000000000000000e+00
6.076335951461894203e-01 9.159303591400933531e-01
7.485263299255193736e-01 7.501552484763264195e-01
8.595119330879339437e-01 6.376194832899577669e-01
1.000000000000000000e+00 5.730803702085428553e-01
4.729968217457327651e-01 4.859632784498532643e-01
5.250564200391858449e-01 3.109503652588317402e-01
5.571666362500042879e-01 2.035357270478911629e-01
5.805375140748800789e-01 1.026518367407852073e-01
3.195307340286697162e-01 4.727472596260273718e-01
3.211374224805534361e-01 2.683009246093500666e-01
3.408206989404671261e-01 1.299338546144656048e-01
3.560272854678369625e-01 0.000000000000000000e+00
1.841558343175706269e-01 5.017635936726607682e-01
1.569324853397426334e-01 3.104945171793113690e-01
1.966141778376163385e-01 1.908082538298078723e-01
2.349285667553915047e-01 8.024454847773583588e-02
5.503813560781099790e-02 5.637421432663616283e-01
0.000000000000000000e+00 4.165261692137918748e-01
3.077087300412174528e-02 3.133553693587181055e-01
8.753525176387946805e-02 2.108572783553361862e-01
