1.000000000000000000e+00 1.000000000000000000e+00
9.955183065233478290e-01 7.893690386462587361e-01
8.295399018610430941e-01 6.148765087268731611e-01
6.458652274108672708e-01 5.146400754707778358e-01
5.092616067355958398e-01 4.530220148692605808e-01
8.407720344060577444e-01 5.392891060966858996e-01
6.446853496891038482e-01 3.157954395093496291e-01
5.044795265754185021e-01 1.884141156366582470e-01
3.855648623963544019e-01 8.968403837304295134e-02
7.678422647584934868e-01 5.446402967529773154e-01
5.570921593929210047e-01 2.755189744970007459e-01
4.124780465818758124e-01 1.249873553028924278e-01
3.032236989654130133e-01 0.000000000000000000e+00
6.357338806925849628e-01 5.871558327955573864e-01
4.656015263652290570e-01 3.063426252287899665e-01
3.589702126921905934e-01 1.536955030489526031e-01
2.954399188712177882e-01 3.187632176599452388e-02
4.426239765454610398e-01 6.595284340852262117e-01
2.465689827590503425e-01 4.925639020090165632e-01
1.120380031138370758e-01 3.818372248141342351e-01
0.000000000000000000e+00 2.825609417951044366e-01
