1.153727099571990600e-01 1.000000000000000000e+00
6.946586446822249350e-01 8.405789059026382848e-01
8.063534413123246702e-01 6.806465871061437856e-01
9.102164079015636622e-01 5.872097407274367020e-01
1.000000000000000000e+00 5.045793544556748111e-01
3.602192671631517795e-01 4.875982683547142593e-01
3.580390512622771970e-01 3.058446303459229632e-01
4.141308180474739253e-01 1.795545753064741179e-01
4.668393953923520301e-01 6.917044150771461952e-02
1.968021647967250209e-01 4.943920652225459733e-01
2.015964634985739634e-01 2.739852601070500993e-01
2.948715960027754601e-01 1.242173836834116890e-01
3.904491865227142089e-01 0.000000000000000000e+00
6.610520184187380910e-02 5.317784368083879887e-01
8.693636950642662231e-02 3.300606778024149923e-01
2.552294968371010553e-01 2.005357483931871354e-01
4.100021369218185274e-01 8.987907670387927650e-02
0.000000000000000000e+00 5.945244040886448200e-01
6.004194664085382716e-02 4.248101706256974253e-01
1.888682348076550499e-01 3.157182992608569272e-01
3.388356947901475791e-01 2.196306406788871290e-01
