0.000000000000000000e+00 5.420939028263092041e-01
3.678569197654724121e-02 4.523048102855682373e-01
5.088433623313903809e-02 3.512824475765228271e-01
7.438629865646362305e-02 2.777768373489379883e-01
9.382364153861999512e-02 2.187769114971160889e-01
1.779645681381225586e-03 2.872900068759918213e-01
3.328388929367065430e-02 1.449884474277496338e-01
5.856335163116455078e-02 6.250056624412536621e-02
7.852521538734436035e-02 0.000000000000000000e+00
2.403378486633300781e-03 2.990930974483489990e-01
4.668226838111877441e-02 1.413306295871734619e-01
9.062123298645019531e-02 6.755921244621276855e-02
1.250632405281066895e-01 2.247622609138488770e-02
1.976105570793151855e-02 3.236399590969085693e-01
6.473046541213989258e-02 1.751680672168731689e-01
1.110230386257171631e-01 1.033364832401275635e-01
1.491994857788085938e-01 5.665239691734313965e-02
5.518969893455505371e-02 3.564203679561614990e-01
9.131819009780883789e-02 2.467305660247802734e-01
1.232121884822845459e-01 1.880045831203460693e-01
1.549900770187377930e-01 1.461112797260284424e-01
