2.803949489500768416e-02 1.000000000000000000e+00
6.246482088703588127e-03 7.961226556729840143e-01
7.933907416518874711e-02 6.047560852871499693e-01
2.381266179787309145e-01 4.940956716261040160e-01
4.156735336642459755e-01 4.328070416782138219e-01
0.000000000000000000e+00 5.021364994694257344e-01
2.200789679109187436e-01 2.572731711390227050e-01
3.673891022824325447e-01 1.148501415579137458e-01
4.826675880197359714e-01 1.256752627109930694e-02
7.616165631012682125e-02 5.265224555481518021e-01
2.905848777414312689e-01 2.530707554100887213e-01
4.614456456820951735e-01 1.031901381939236834e-01
6.012933150764426804e-01 0.000000000000000000e+00
2.167052893497506405e-01 5.817387576520629544e-01
4.481656851894925131e-01 3.158354031550066332e-01
6.377592575276465059e-01 1.737117949801792738e-01
7.909365060801749614e-01 7.111512727352949093e-02
4.168230978665015685e-01 6.640014027484244519e-01
6.846107383127205681e-01 4.919584005993228870e-01
8.549811800699140818e-01 4.009697275756713419e-01
1.000000000000000000e+00 3.264249421289119324e-01
