8.850970694241563907e-02 1.000000000000000000e+00
0.000000000000000000e+00 7.907970866914130204e-01
2.615141480244323816e-02 5.899648295191617375e-01
1.063528857150486950e-01 4.733261634648321392e-01
1.991721516969828243e-01 4.216050740727556589e-01
7.190606126426488109e-02 4.877626917468121936e-01
2.103202747452964372e-01 2.623370659054078957e-01
3.099985007852478769e-01 1.332091152642921328e-01
3.915998345607059061e-01 4.297287723944112625e-02
1.942714226328439986e-01 5.101395089904432467e-01
3.714809192856841080e-01 2.535509230865292118e-01
4.949458800295973848e-01 1.049207745091917665e-01
5.955358304966353877e-01 0.000000000000000000e+00
3.401689886272050156e-01 5.727560947286294279e-01
5.519013218111775698e-01 3.352657743428804071e-01
6.895216663866590157e-01 2.049112626651953539e-01
7.931922613604417416e-01 1.089542632026437030e-01
5.004453487861091343e-01 6.737537879605731694e-01
7.454658215833516177e-01 5.300824612684131854e-01
8.860380211795098049e-01 4.512337095082843419e-01
1.000000000000000000e+00 3.882577744735952741e-01
