2.481390890706544061e-01 1.000000000000000000e+00
1.070136271752946677e-01 8.312736618196859828e-01
4.525955580814693124e-02 6.545160607131901287e-01
3.547917426616613995e-02 5.059454150113454896e-01
0.000000000000000000e+00 3.929154028220694372e-01
2.442020096731118972e-01 4.792233245417268361e-01
3.515229544809099216e-01 2.447393327461867274e-01
4.266838737501648660e-01 1.086086952352361829e-01
4.911895659706687067e-01 9.651081241297028088e-03
3.869410370098476104e-01 5.035972573368671101e-01
5.313894500231143292e-01 2.529029784846354434e-01
6.337343334126765981e-01 1.016192452799738605e-01
7.168206169995068322e-01 0.000000000000000000e+00
5.239873791061695485e-01 5.723388452687002692e-01
6.704780981897158210e-01 3.521377543735152993e-01
7.637692368205561966e-01 2.155681017766545304e-01
8.342602293382125334e-01 1.178440921070958297e-01
6.471064105680762735e-01 6.762390043034939291e-01
8.164525371702662238e-01 5.535221254130676671e-01
9.162394258694862570e-01 4.713674220634200274e-01
1.000000000000000000e+00 4.048879195889022453e-01
