3.847265243530273438e-02 4.620971977710723877e-01
7.825046777725219727e-03 3.646879494190216064e-01
2.460747957229614258e-03 2.706361114978790283e-01
6.630986928939819336e-03 1.972107291221618652e-01
0.000000000000000000e+00 1.418844163417816162e-01
8.946305513381958008e-02 2.112601697444915771e-01
1.487843990325927734e-01 1.049593389034271240e-01
1.875062882900238037e-01 4.328382015228271484e-02
2.189932167530059814e-01 0.000000000000000000e+00
1.351628899574279785e-01 2.438982129096984863e-01
2.074101269245147705e-01 1.330389380455017090e-01
2.563248276710510254e-01 6.890830397605895996e-02
2.954435646533966064e-01 2.780130505561828613e-02
1.744080185890197754e-01 2.937663495540618896e-01
2.457412779331207275e-01 1.970952451229095459e-01
2.924030125141143799e-01 1.384089291095733643e-01
3.288628160953521729e-01 9.818974137306213379e-02
2.047246694564819336e-01 3.553909957408905029e-01
2.749635875225067139e-01 3.189087212085723877e-01
3.214522302150726318e-01 2.979491651058197021e-01
3.616751134395599365e-01 2.833628952503204346e-01
