1.996672471269899177e-02 1.000000000000000000e+00
0.000000000000000000e+00 7.415969374728428321e-01
4.221865008697674865e-02 5.089445236393195238e-01
8.292348269816798845e-02 3.344695211354420383e-01
7.686133218790804078e-02 1.990712278732022777e-01
2.947021926397138669e-01 3.878518062616294615e-01
5.051467360791263017e-01 1.891268747806477135e-01
6.413032104828901847e-01 7.625200185864604296e-02
7.483055456099083624e-01 0.000000000000000000e+00
3.919351564872419758e-01 4.919905378298203291e-01
6.404270239033130752e-01 2.942334152452587004e-01
8.067358290749787608e-01 1.821102028970914277e-01
9.361056753848713274e-01 1.108366516245287148e-01
4.640668264701655055e-01 6.470076770528294663e-01
7.129147233496675451e-01 4.865938689317888532e-01
8.710842737598901708e-01 3.886580203767040498e-01
9.949989733630720812e-01 3.131151380415003183e-01
5.099106335000146428e-01 8.387980347564972794e-01
7.319278546527127061e-01 8.422172334254214299e-01
8.755288103186954496e-01 8.358285776239124942e-01
1.000000000000000000e+00 8.275959662208757228e-01
