0.000000000000000000e+00 7.877305033695619629e-01
4.142196274062976552e-02 5.261983547863529065e-01
1.423877381094088568e-01 3.083623918907149597e-01
2.078664844332502315e-01 1.401230536039134722e-01
2.143391437363436902e-01 0.000000000000000000e+00
3.697264096982750825e-01 2.696946394554529669e-01
5.982174795154928670e-01 1.615571275931042550e-01
7.436922083318557863e-01 1.050733893421818693e-01
8.552723047143899748e-01 6.646760568645129763e-02
4.284733464052907781e-01 3.953520810977528277e-01
6.998050801141134647e-01 3.065097628403485874e-01
8.707547666303239176e-01 2.647490099740627545e-01
1.000000000000000000e+00 2.432230935044539799e-01
4.542356884013369345e-01 5.671362020920629465e-01
7.199292840381551484e-01 5.092422719608277193e-01
8.765804536365257027e-01 4.822350675731624237e-01
9.993643965867148315e-01 4.612195317933159844e-01
4.478470534300637018e-01 7.662988039565955534e-01
6.434625493539425367e-01 8.798141181731603533e-01
7.669086733062452366e-01 9.471138979273856506e-01
8.745524254986140056e-01 1.000000000000000000e+00
