0.000000000000000000e+00 2.711695432662963867e-01
3.714860975742340088e-02 1.786105334758758545e-01
9.556885063648223877e-02 1.103434264659881592e-01
1.289747804403305054e-01 5.221837759017944336e-02
1.381453722715377808e-01 0.000000000000000000e+00
1.752737611532211304e-01 1.199784874916076660e-01
2.703636139631271362e-01 1.074268519878387451e-01
3.312294334173202515e-01 1.053610444068908691e-01
3.759144991636276245e-01 1.068465411663055420e-01
1.867704838514328003e-01 1.748145520687103271e-01
2.999868243932723999e-01 1.790755689144134521e-01
3.685578554868698120e-01 1.882913410663604736e-01
4.186242669820785522e-01 2.011599242687225342e-01
1.832447499036788940e-01 2.467929720878601074e-01
2.915639430284500122e-01 2.692685127258300781e-01
3.533954471349716187e-01 2.817465066909790039e-01
4.008130878210067749e-01 2.911414504051208496e-01
1.669954210519790649e-01 3.254754543304443359e-01
2.358821481466293335e-01 3.922424316406250000e-01
2.791780978441238403e-01 4.305838942527770996e-01
3.161973208189010620e-01 4.603925943374633789e-01
