0.000000000000000000e+00 4.605599691907655835e-01
1.340635171360668176e-01 3.112680091140830885e-01
3.067234290604663460e-01 2.050193811469437632e-01
4.209693377991064467e-01 1.031017641503899351e-01
4.784086634905282409e-01 0.000000000000000000e+00
4.586190118024814355e-01 2.688086780605322135e-01
6.947234666261614677e-01 3.064558404127074587e-01
8.461661579282853118e-01 3.425563314112257118e-01
9.577712273100572604e-01 3.756056460571560729e-01
4.542331081192557130e-01 3.788393264359506407e-01
7.119701818306554131e-01 4.470541389973373136e-01
8.777316397393274405e-01 5.043925158919254637e-01
1.000000000000000000e+00 5.596229890256295691e-01
4.132834545993374076e-01 5.110280689536403909e-01
6.470449123629681276e-01 6.023218344363215904e-01
7.928988725323807829e-01 6.681429819099833356e-01
9.083076498440643132e-01 7.233661217646045749e-01
3.449176606014144331e-01 6.494366149205261785e-01
4.737166501567370847e-01 8.098929010073560031e-01
5.572605079063278621e-01 9.123456699589147512e-01
6.314572519976083820e-01 1.000000000000000000e+00
