2.669652700424194336e-01 5.041913986206054688e-01
2.810952663421630859e-01 3.921220302581787109e-01
2.557518482208251953e-01 2.988494634628295898e-01
2.130827903747558594e-01 2.497503757476806641e-01
1.749112606048583984e-01 2.309028506278991699e-01
2.425740957260131836e-01 2.506885528564453125e-01
2.079390287399291992e-01 1.373590230941772461e-01
1.853472590446472168e-01 7.293003797531127930e-02
1.696102023124694824e-01 2.247121930122375488e-02
2.090404629707336426e-01 2.602208256721496582e-01
1.548215746879577637e-01 1.308837532997131348e-01
1.209666132926940918e-01 5.864417552947998047e-02
9.963852167129516602e-02 0.000000000000000000e+00
1.703063845634460449e-01 2.896625995635986328e-01
1.228292584419250488e-01 1.479296088218688965e-01
9.813970327377319336e-02 6.716841459274291992e-02
8.455502986907958984e-02 7.510185241699218750e-05
1.289682388305664062e-01 3.335317373275756836e-01
6.942421197891235352e-02 2.564920783042907715e-01
3.131246566772460938e-02 2.096658945083618164e-01
0.000000000000000000e+00 1.651399433612823486e-01
