0.000000000000000000e+00 2.964385482944896233e-01
1.795374705304068341e-01 1.956987365356201158e-01
3.953222493117093395e-01 1.492578579804363648e-01
5.406131508850938738e-01 9.082673434179100447e-02
6.235673462069081241e-01 0.000000000000000000e+00
5.295357846669083157e-01 2.700065645076420440e-01
7.615987020249473938e-01 3.841053303956414311e-01
9.014762725977572000e-01 4.704047095845076965e-01
1.000000000000000000e+00 5.408497074469016397e-01
4.832187438188242368e-01 3.770459763106588369e-01
7.267933120474291409e-01 5.477145070275616368e-01
8.731049767778129578e-01 6.685346946726203887e-01
9.737382865504917717e-01 7.676163107324563972e-01
3.921967982266891251e-01 4.865709599409485109e-01
6.063163789330147102e-01 6.749435349633204906e-01
7.385618823000026367e-01 8.019974222863995861e-01
8.436725969181172458e-01 9.042915327706787521e-01
2.717149706698596123e-01 5.896850847107647509e-01
3.504814655234699261e-01 7.827187748183895843e-01
3.970111427031399742e-01 9.038209685347124989e-01
4.393378922604259662e-01 1.000000000000000000e+00
