0.000000000000000000e+00 8.947491645812988281e-03
8.184143900871276855e-02 2.083361148834228516e-03
1.618334054946899414e-01 2.620491385459899902e-02
2.204855084419250488e-01 2.562057971954345703e-02
2.651987671852111816e-01 0.000000000000000000e+00
1.887856125831604004e-01 1.130913496017456055e-01
2.504137158393859863e-01 2.180670499801635742e-01
2.872281670570373535e-01 2.914385795593261719e-01
3.121730089187622070e-01 3.491081595420837402e-01
1.531814336776733398e-01 1.552279591560363770e-01
2.075781226158142090e-01 2.847982048988342285e-01
2.366839647293090820e-01 3.740622997283935547e-01
2.537065744400024414e-01 4.455219507217407227e-01
1.021273732185363770e-01 1.873054504394531250e-01
1.436867117881774902e-01 3.122905492782592773e-01
1.665048003196716309e-01 3.966997265815734863e-01
1.836345791816711426e-01 4.650724530220031738e-01
4.273238778114318848e-02 2.081989645957946777e-01
3.608927130699157715e-02 3.013128042221069336e-01
3.117939829826354980e-02 3.626600503921508789e-01
2.874678373336791992e-02 4.145120978355407715e-01
