1.219397495192029168e-01 0.000000000000000000e+00
3.857434420596532187e-01 3.149702970505313671e-02
6.459603859942149029e-01 1.191476839144070266e-01
8.473066649333007572e-01 1.391852028759278104e-01
1.000000000000000000e+00 1.039670724159900694e-01
6.636846178375600536e-01 2.904908780468963281e-01
8.184696733971192906e-01 5.265265532581852037e-01
9.115657428485702818e-01 6.885151341846614814e-01
9.741091653136521034e-01 8.134384451725351628e-01
5.253520310762365142e-01 3.554956957442806376e-01
6.438547232101936579e-01 6.381141132500439683e-01
7.097968617598280350e-01 8.292648250473749760e-01
7.483751814028677396e-01 9.793453459535637062e-01
3.493765770450538710e-01 3.906800506072974910e-01
4.170322043374656285e-01 6.686492396663181736e-01
4.610805181445259970e-01 8.503092424700432472e-01
4.957813735700319913e-01 1.000000000000000000e+00
1.564745221114846319e-01 4.006264379828909927e-01
7.941745716160386603e-02 5.976823863242257673e-01
3.174678538339181094e-02 7.242271597054557031e-01
0.000000000000000000e+00 8.339802022410284232e-01
