9.764304757118225098e-02 0.000000000000000000e+00
1.752052307128906250e-01 5.469760298728942871e-02
2.418063282966613770e-01 1.362877786159515381e-01
2.897186279296875000e-01 1.882266700267791748e-01
3.357275128364562988e-01 1.945388615131378174e-01
2.502924799919128418e-01 1.688145101070404053e-01
2.833085656166076660e-01 3.105605542659759521e-01
2.973461151123046875e-01 4.011115133762359619e-01
3.080639839172363281e-01 4.704814851284027100e-01
2.045451402664184570e-01 1.727589666843414307e-01
2.387509942054748535e-01 3.237713873386383057e-01
2.511255145072937012e-01 4.269320666790008545e-01
2.582566142082214355e-01 5.076281130313873291e-01
1.469597816467285156e-01 1.709347665309906006e-01
1.686154305934906006e-01 3.147082030773162842e-01
1.733166575431823730e-01 4.107951819896697998e-01
1.775220036506652832e-01 4.889414608478546143e-01
8.336836099624633789e-02 1.640644967555999756e-01
4.825612902641296387e-02 2.651307284832000732e-01
2.155220508575439453e-02 3.294838368892669678e-01
0.000000000000000000e+00 3.861047923564910889e-01
