3.528850918976281781e-01 0.000000000000000000e+00
6.227434921609609209e-01 1.333118705846858820e-01
7.929052457078880067e-01 3.387980033843014938e-01
8.235313008087555842e-01 5.339486934166073340e-01
7.866900188765588720e-01 6.867005195552607910e-01
8.825427471706449589e-01 3.526918933569213599e-01
9.458472178667274299e-01 6.594909625968716771e-01
9.758925493426534592e-01 8.544255441019681374e-01
1.000000000000000000e+00 1.000000000000000000e+00
7.235697156643811079e-01 3.436771686648065760e-01
7.210487863800725261e-01 6.427690253412857713e-01
7.193477308352080879e-01 8.244387889258387725e-01
7.186166564770389842e-01 9.545635215594173717e-01
5.314004343627817262e-01 3.170152265180837259e-01
5.262842519284670617e-01 5.728356394680323982e-01
5.494135713189189918e-01 7.407997286733374320e-01
5.727343567725584617e-01 8.660528246501457694e-01
3.401333791035349718e-01 2.667901731219369799e-01
1.864256643349327669e-01 4.130900921398638070e-01
8.812645226522355935e-02 5.027715517499391495e-01
0.000000000000000000e+00 5.740470073689798447e-01
