1.047833859920501709e-01 0.000000000000000000e+00
1.437586247920989990e-01 9.617722034454345703e-02
1.641189157962799072e-01 1.990966796875000000e-01
1.658403575420379639e-01 2.816682457923889160e-01
1.673497855663299561e-01 3.480236530303955078e-01
1.944653093814849854e-01 2.061204314231872559e-01
1.966397464275360107e-01 3.276450037956237793e-01
1.985664665699005127e-01 4.094882011413574219e-01
1.998343169689178467e-01 4.793782234191894531e-01
1.712661683559417725e-01 1.764977574348449707e-01
1.750636994838714600e-01 2.979453802108764648e-01
1.806398928165435791e-01 3.916886448860168457e-01
1.847483217716217041e-01 4.736524224281311035e-01
1.363014876842498779e-01 1.320994496345520020e-01
1.396956145763397217e-01 2.332625389099121094e-01
1.365449130535125732e-01 3.070194125175476074e-01
1.332894265651702881e-01 3.711966872215270996e-01
9.354466199874877930e-02 7.797193527221679688e-02
5.852389335632324219e-02 1.059526801109313965e-01
2.826455235481262207e-02 1.305297017097473145e-01
0.000000000000000000e+00 1.544558405876159668e-01
