1.190878079479063857e-02 4.152347925544286333e-02
0.000000000000000000e+00 2.642576961602283725e-01
4.457468530112770194e-02 4.505590906533638029e-01
2.105901305879148699e-02 6.285111003231178550e-01
1.526587650233033298e-02 7.872809268858252940e-01
4.634047640662433132e-01 4.717837424940796720e-01
6.354059888568671655e-01 7.098110999171181046e-01
7.747062271986607795e-01 8.598745518777778374e-01
8.705193204566191723e-01 1.000000000000000000e+00
5.087940274531587148e-01 3.710164899697762086e-01
7.497503488960728379e-01 5.750186034884657849e-01
8.812263908528451539e-01 7.276304288691340938e-01
1.000000000000000000e+00 8.778710707199361973e-01
4.535898213128955470e-01 2.147071668815565271e-01
7.373408810799083613e-01 3.137671904643419274e-01
8.573669771213420221e-01 4.187002904058199637e-01
9.748733280300104775e-01 5.288098871378700272e-01
3.299099717344173843e-01 3.797286645682279582e-02
5.023681849864672921e-01 2.595063391060697597e-03
6.016322335349518768e-01 0.000000000000000000e+00
7.025118978561547545e-01 1.323022679725938643e-02
