2.817095594204931941e-01 0.000000000000000000e+00
2.037128958844000026e-01 2.072437846081411628e-01
1.527033021704876647e-01 4.095144880809817867e-01
7.977490397193134908e-02 5.642192761588930017e-01
0.000000000000000000e+00 6.964677945978035023e-01
4.392446289880713728e-01 5.172995926346710682e-01
4.764961803106412264e-01 7.444656400650965233e-01
4.872120619307974132e-01 8.819531018106262499e-01
4.894045999945442205e-01 1.000000000000000000e+00
5.416980048764202804e-01 4.513165167193785021e-01
6.437313188547556519e-01 6.814272627711077668e-01
6.952844600150422938e-01 8.346211911853512744e-01
7.362184945448783102e-01 9.671546350600300768e-01
6.051552816411999158e-01 3.202775560127327226e-01
7.592715636110450861e-01 5.190664629840021638e-01
8.459455825789430339e-01 6.628162710719439632e-01
9.141526277981936177e-01 8.009625029426515885e-01
6.230477756690788738e-01 1.488539011883194541e-01
7.820138485659765548e-01 1.924367457856112074e-01
8.947524898451210129e-01 2.253760196927359905e-01
1.000000000000000000e+00 2.709798262044400552e-01
