1.396306753158569336e-01 0.000000000000000000e+00
1.029503047466278076e-01 7.910791039466857910e-02
7.646012306213378906e-02 1.579340100288391113e-01
4.267042875289916992e-02 2.167135477066040039e-01
0.000000000000000000e+00 2.639313340187072754e-01
1.862938404083251953e-01 2.256198525428771973e-01
1.905013918876647949e-01 3.226633071899414062e-01
1.939036846160888672e-01 3.862127065658569336e-01
2.012773156166076660e-01 4.414169788360595703e-01
2.340252995491027832e-01 2.017536759376525879e-01
2.686266303062438965e-01 3.098142743110656738e-01
2.911041378974914551e-01 3.779233694076538086e-01
3.121091127395629883e-01 4.338796138763427734e-01
2.683079838752746582e-01 1.502088308334350586e-01
3.224493265151977539e-01 2.417651414871215820e-01
3.564192652702331543e-01 3.034446835517883301e-01
3.843551874160766602e-01 3.594655394554138184e-01
2.889670729637145996e-01 7.683059573173522949e-02
3.566505312919616699e-01 9.514760971069335938e-02
4.014001488685607910e-01 1.080559492111206055e-01
4.417972564697265625e-01 1.262055039405822754e-01
