3.412934129776111769e-01 0.000000000000000000e+00
2.538468247582050807e-01 1.651273309180145699e-01
1.687997702136062039e-01 3.391939891801108997e-01
7.753257396057720852e-02 4.687399967889084307e-01
0.000000000000000000e+00 5.663165217101927551e-01
4.216871907385647544e-01 5.125842114801019145e-01
4.128122539784199185e-01 7.253955811864386538e-01
4.166037038988489871e-01 8.617580129180348880e-01
4.298143753590412675e-01 9.752489652683479227e-01
5.320712388975368246e-01 4.741705390198951431e-01
5.986225860790982400e-01 7.250884274635147619e-01
6.476509303228519254e-01 8.795901047657201932e-01
6.940885506320404463e-01 1.000000000000000000e+00
6.142912353269468495e-01 3.760171447867499128e-01
7.254267443329672771e-01 5.986049665643246032e-01
7.923180137288674540e-01 7.368222632640188952e-01
8.460149811316315382e-01 8.518250989678414209e-01
6.690304773899293789e-01 2.246876448589088804e-01
8.174602362625642549e-01 2.937902548000485003e-01
9.146808030655919630e-01 3.393271025453972745e-01
1.000000000000000000e+00 3.921972621989107122e-01
