8.135548357141366704e-01 1.000000000000000000e+00
9.063632761364033286e-01 8.150583659610998177e-01
9.314726132342574516e-01 6.470672580633758386e-01
9.455406268467326791e-01 5.160155594260847911e-01
1.000000000000000000e+00 4.341851269738145613e-01
8.114543075036481090e-01 4.852076714073020880e-01
7.474798485234119827e-01 2.574367731059598596e-01
6.888064386495788005e-01 1.229030005119047253e-01
6.369459319653384410e-01 1.952985749579903493e-02
6.712800522439517081e-01 5.107082509446806418e-01
5.492597984159474089e-01 2.601905762670547739e-01
4.435401697296957879e-01 1.114115838411528225e-01
3.654822611050409509e-01 0.000000000000000000e+00
5.360216469298872966e-01 5.842098457607295403e-01
4.108026263005076228e-01 3.258407645020340304e-01
3.247372761051804391e-01 1.660391972590747889e-01
2.620185734054359949e-01 4.301185783083631697e-02
4.125002389953809634e-01 6.941690365364179272e-01
2.311096735331866769e-01 5.530825796795970639e-01
1.035812120337200049e-01 4.762356369707978487e-01
0.000000000000000000e+00 4.035500747231312024e-01
