1.772493720054626465e-01 0.000000000000000000e+00
1.307242512702941895e-01 6.379070878028869629e-02
8.976733684539794922e-02 1.304533183574676514e-01
4.431211948394775391e-02 1.721757352352142334e-01
0.000000000000000000e+00 1.972638070583343506e-01
2.105935215950012207e-01 2.212851345539093018e-01
2.141420245170593262e-01 3.099494278430938721e-01
2.228298187255859375e-01 3.701079189777374268e-01
2.348315119743347168e-01 4.235513508319854736e-01
2.652971744537353516e-01 2.072342336177825928e-01
3.088995814323425293e-01 3.221635520458221436e-01
3.392291069030761719e-01 3.922998607158660889e-01
3.679091334342956543e-01 4.496551454067230225e-01
3.058472871780395508e-01 1.691002547740936279e-01
3.596343994140625000e-01 2.700409591197967529e-01
3.918206095695495605e-01 3.329893052577972412e-01
4.198724627494812012e-01 3.864507973194122314e-01
3.351063728332519531e-01 1.097876131534576416e-01
3.946222066879272461e-01 1.665729582309722900e-01
4.334824085235595703e-01 2.040314972400665283e-01
4.690778851509094238e-01 2.421483099460601807e-01
