3.240824341773986816e-01 6.210665106773376465e-01
2.139405012130737305e-01 6.132670640945434570e-01
1.206752061843872070e-01 5.456732511520385742e-01
5.398440361022949219e-02 4.831397533416748047e-01
0.000000000000000000e+00 4.502000808715820312e-01
1.698624491691589355e-01 3.350733220577239990e-01
1.274861991405487061e-01 2.208513021469116211e-01
1.072407066822052002e-01 1.489960253238677979e-01
9.360826015472412109e-02 8.769041299819946289e-02
2.295992374420166016e-01 2.992925643920898438e-01
2.090453505516052246e-01 1.568053364753723145e-01
1.984825730323791504e-01 6.918251514434814453e-02
1.914395093917846680e-01 0.000000000000000000e+00
2.890669703483581543e-01 2.938888370990753174e-01
2.758972644805908203e-01 1.534611582756042480e-01
2.634167671203613281e-01 7.233318686485290527e-02
2.514836788177490234e-01 2.916663885116577148e-03
3.502866029739379883e-01 3.140830993652343750e-01
3.845984935760498047e-01 2.141482830047607422e-01
4.049440622329711914e-01 1.421406567096710205e-01
4.214459657669067383e-01 7.392260432243347168e-02
