7.640588837012611823e-01 1.000000000000000000e+00
5.053610512660795528e-01 9.844243735230158165e-01
2.836373286320854614e-01 8.797209602847536614e-01
1.255778934675893799e-01 7.791209595566206403e-01
0.000000000000000000e+00 7.207911854522098816e-01
4.064788358125367984e-01 5.394030114429928524e-01
3.060910257216167829e-01 3.551784241937891440e-01
2.563144683380098043e-01 2.398114557160066773e-01
2.221759653463931949e-01 1.421224060502484510e-01
5.459830332192309177e-01 4.825055994383412039e-01
4.941986353427929579e-01 2.501236388943339217e-01
4.673290892570390320e-01 1.092365679107584892e-01
4.492449525398739540e-01 0.000000000000000000e+00
6.865538691003434391e-01 4.722591398411942198e-01
6.528200344021624080e-01 2.436772669414027370e-01
6.224179805587779502e-01 1.126657867754573966e-01
5.931557126447948303e-01 3.037272551858875586e-03
8.330750790049660237e-01 5.028265451221126670e-01
9.141387458640257702e-01 3.387484390649469490e-01
9.619720382424038485e-01 2.201567516991844997e-01
1.000000000000000000e+00 1.098846062534741957e-01
