3.044335842132568359e-01 6.298070847988128662e-01
2.012784481048583984e-01 6.126311123371124268e-01
1.109355688095092773e-01 5.414226353168487549e-01
4.939639568328857422e-02 4.760673344135284424e-01
0.000000000000000000e+00 4.409680068492889404e-01
1.631331443786621094e-01 3.380408585071563721e-01
1.264305114746093750e-01 2.225072979927062988e-01
1.079764962196350098e-01 1.506330370903015137e-01
9.542095661163330078e-02 9.079512953758239746e-02
2.204750776290893555e-01 3.086385428905487061e-01
2.009542584419250488e-01 1.614673733711242676e-01
1.917778253555297852e-01 6.997838616371154785e-02
1.864066720008850098e-01 0.000000000000000000e+00
2.789139747619628906e-01 3.070147931575775146e-01
2.666656374931335449e-01 1.621195077896118164e-01
2.548193335533142090e-01 7.722425460815429688e-02
2.435056567192077637e-01 6.602704524993896484e-03
3.401004672050476074e-01 3.300201296806335449e-01
3.744395971298217773e-01 2.243686020374298096e-01
3.947385549545288086e-01 1.473814547061920166e-01
4.110430479049682617e-01 7.588422298431396484e-02
