2.860081195831298828e-01 6.200886070728302002e-01
1.888392567634582520e-01 6.025761067867279053e-01
1.031619608402252197e-01 5.307362973690032959e-01
4.497376084327697754e-02 4.697687923908233643e-01
0.000000000000000000e+00 4.306970536708831787e-01
1.523923277854919434e-01 3.325801789760589600e-01
1.183469295501708984e-01 2.197782695293426514e-01
9.948736429214477539e-02 1.501238942146301270e-01
8.599051833152770996e-02 9.084865450859069824e-02
2.039407491683959961e-01 3.053318858146667480e-01
1.849673986434936523e-01 1.621436774730682373e-01
1.745653748512268066e-01 7.082635164260864258e-02
1.684488058090209961e-01 0.000000000000000000e+00
2.575157880783081055e-01 3.058201968669891357e-01
2.471241950988769531e-01 1.634947955608367920e-01
2.351757287979125977e-01 7.903394103050231934e-02
2.244049310684204102e-01 7.315665483474731445e-03
3.139668703079223633e-01 3.304897844791412354e-01
3.456697463989257812e-01 2.250772118568420410e-01
3.661934137344360352e-01 1.495867967605590820e-01
3.834359645843505859e-01 7.954612374305725098e-02
