2.546039819717407227e-01 6.001833379268646240e-01
1.674537658691406250e-01 5.739825069904327393e-01
9.207424521446228027e-02 4.932634532451629639e-01
4.150119423866271973e-02 4.341935813426971436e-01
0.000000000000000000e+00 4.015332758426666260e-01
1.301510334014892578e-01 3.159783184528350830e-01
1.023648977279663086e-01 2.065623700618743896e-01
8.656454086303710938e-02 1.389476358890533447e-01
7.470259070396423340e-02 8.161643147468566895e-02
1.728143692016601562e-01 2.955332398414611816e-01
1.506744623184204102e-01 1.573751270771026611e-01
1.378067731857299805e-01 6.940415501594543457e-02
1.286674737930297852e-01 0.000000000000000000e+00
2.181390523910522461e-01 3.017187714576721191e-01
2.029796838760375977e-01 1.633056402206420898e-01
1.915198564529418945e-01 8.032417297363281250e-02
1.807818412780761719e-01 7.745474576950073242e-03
2.666968107223510742e-01 3.305735588073730469e-01
2.842933535575866699e-01 2.309851944446563721e-01
2.946290373802185059e-01 1.590842008590698242e-01
3.033568859100341797e-01 8.966839313507080078e-02
