2.424996495246887207e-01 6.011701226234436035e-01
1.570121049880981445e-01 5.722908377647399902e-01
8.396422863006591797e-02 4.892155528068542480e-01
3.771340847015380859e-02 4.303554296493530273e-01
0.000000000000000000e+00 3.942143321037292480e-01
1.221619248390197754e-01 3.144699633121490479e-01
9.514534473419189453e-02 2.019762992858886719e-01
7.984066009521484375e-02 1.336618065834045410e-01
6.854951381683349609e-02 7.477575540542602539e-02
1.620889902114868164e-01 2.970551550388336182e-01
1.379545927047729492e-01 1.560374200344085693e-01
1.234834790229797363e-01 6.928768754005432129e-02
1.129149794578552246e-01 0.000000000000000000e+00
2.051825523376464844e-01 3.049039542675018311e-01
1.871858239173889160e-01 1.627692878246307373e-01
1.735578179359436035e-01 7.643365859985351562e-02
1.614924669265747070e-01 9.138584136962890625e-04
2.512890100479125977e-01 3.349386453628540039e-01
2.645858526229858398e-01 2.325527966022491455e-01
2.727549076080322266e-01 1.594140231609344482e-01
2.801806926727294922e-01 8.941686153411865234e-02
