2.204325199127197266e-01 5.933990180492401123e-01
1.371337771415710449e-01 5.514495670795440674e-01
7.409173250198364258e-02 4.622931778430938721e-01
3.343898057937622070e-02 3.961370289325714111e-01
0.000000000000000000e+00 3.503523766994476318e-01
1.063356399536132812e-01 3.082678616046905518e-01
8.255773782730102539e-02 1.988028585910797119e-01
6.525248289108276367e-02 1.314180791378021240e-01
5.194312334060668945e-02 7.310119271278381348e-02
1.369212269783020020e-01 2.936158180236816406e-01
1.137453317642211914e-01 1.580187976360321045e-01
9.667575359344482422e-02 7.117637991905212402e-02
8.402931690216064453e-02 0.000000000000000000e+00
1.707169413566589355e-01 3.018799424171447754e-01
1.577569246292114258e-01 1.615546643733978271e-01
1.459476351737976074e-01 7.633778452873229980e-02
1.341080665588378906e-01 3.885656595230102539e-03
2.091432809829711914e-01 3.322695791721343994e-01
2.201132774353027344e-01 2.352821230888366699e-01
2.192853093147277832e-01 1.657575666904449463e-01
2.151862382888793945e-01 1.025081574916839600e-01
