1.000000000000000000e+00 1.000000000000000000e+00
4.830748896056106245e-01 9.289447383170177375e-01
2.540589554742629375e-01 7.825858100569678122e-01
1.065633928957963605e-01 6.933096094967529099e-01
0.000000000000000000e+00 6.075884172449168563e-01
4.030727791246374037e-01 5.087192863292493428e-01
2.548720317979133454e-01 3.117899871812384593e-01
1.446031213472444565e-01 1.819546502475726801e-01
5.951996027966578728e-02 6.827737374233344703e-02
5.204023307286029798e-01 4.963542909277623427e-01
3.437124577903805100e-01 2.795900619241236118e-01
2.076831653967704250e-01 1.307156956491541400e-01
1.047860567557037104e-01 0.000000000000000000e+00
6.273333667041863793e-01 5.134596471304879728e-01
4.486439483310966092e-01 3.029544527937408915e-01
3.015890839430278580e-01 1.652296707011457477e-01
1.906285174682886829e-01 4.835452342387881741e-02
7.030438276548768295e-01 5.571227010844852501e-01
5.477726308498203078e-01 3.973549055316659695e-01
4.297707016537512525e-01 2.964791841484651358e-01
3.320405509978787140e-01 2.106260062853688442e-01
