1.000000000000000000e+00 1.000000000000000000e+00
6.077656080362823232e-01 8.527883878692885666e-01
4.220547632405310390e-01 6.383388501479315691e-01
3.020518776385521242e-01 4.757993632382828131e-01
1.762727203893416361e-01 3.538233007562434085e-01
6.830848873750740013e-01 5.090363785374049099e-01
4.590506846448414446e-01 3.021986178587653948e-01
2.766448676528191486e-01 1.608615614896236612e-01
1.246612845817635928e-01 4.722546714053503514e-02
7.217787828363917413e-01 5.133233745074454735e-01
4.573351227245329165e-01 2.738880564707240617e-01
2.563398285213138172e-01 1.236486691791751913e-01
1.027128235794223243e-01 0.000000000000000000e+00
6.711597198581285006e-01 5.588261020380661526e-01
4.066522664793807418e-01 3.180706875123390232e-01
2.159288806427976382e-01 1.701692738853181064e-01
8.547761184241513266e-02 5.029979429180967548e-02
5.138285320453850336e-01 6.392113313442714384e-01
2.750241013347101693e-01 4.879951948235028980e-01
1.137505492481039326e-01 3.833555885901492877e-01
0.000000000000000000e+00 2.862379203772438263e-01
