2.761127948760986328e-01 5.304148793220520020e-01
3.336524367332458496e-01 4.403777122497558594e-01
3.461268544197082520e-01 3.546563386917114258e-01
3.489624261856079102e-01 2.705490589141845703e-01
3.651667833328247070e-01 2.155814170837402344e-01
2.761792540550231934e-01 2.442432641983032227e-01
2.553901672363281250e-01 1.239976286888122559e-01
2.371734976768493652e-01 5.313372611999511719e-02
2.208967208862304688e-01 0.000000000000000000e+00
2.191371321678161621e-01 2.599262595176696777e-01
1.742560267448425293e-01 1.362477540969848633e-01
1.394132375717163086e-01 6.222569942474365234e-02
1.142768859863281250e-01 7.568746805191040039e-03
1.697893738746643066e-01 3.011022806167602539e-01
1.250010728836059570e-01 1.796020269393920898e-01
9.714835882186889648e-02 1.025894284248352051e-01
7.794588804244995117e-02 4.328221082687377930e-02
1.318411827087402344e-01 3.604254722595214844e-01
7.257008552551269531e-02 2.956558465957641602e-01
3.194534778594970703e-02 2.583896517753601074e-01
0.000000000000000000e+00 2.245458364486694336e-01
