1.000000000000000000e+00 1.000000000000000000e+00
9.600962130465023892e-01 8.039454317078624790e-01
8.362129716219769415e-01 6.303209591950487134e-01
6.838187943250609857e-01 5.439624759550396593e-01
5.437449455702395573e-01 5.085773060076521634e-01
7.944954139889975897e-01 4.900225513635954044e-01
6.447746764332948910e-01 2.844467906861867235e-01
5.514767670952046563e-01 1.527089450033765894e-01
4.812314254906333022e-01 5.392674088850370195e-02
6.984496004712476003e-01 4.915817328392133589e-01
4.861953747183663244e-01 2.535158209998030765e-01
3.483910273263688961e-01 1.109036454885591050e-01
2.517638503855510468e-01 0.000000000000000000e+00
5.921878068018064933e-01 5.389602341692654175e-01
3.703079083729645116e-01 2.948594684019460455e-01
2.404569038102496448e-01 1.626239240262694896e-01
1.549762004998685438e-01 5.240794493328601589e-02
4.639392436742667547e-01 6.299640535491974891e-01
2.497318864213472489e-01 4.985078495878563221e-01
1.087916085649912323e-01 4.072685036330280228e-01
0.000000000000000000e+00 3.218008381942443208e-01
