1.000000000000000000e+00 1.000000000000000000e+00
9.907647889516719708e-01 7.621730824034289586e-01
8.677046200988740576e-01 5.667274409252633927e-01
7.094575903755907520e-01 4.712903027839255299e-01
5.775674289184220545e-01 4.432911988910167023e-01
8.261665883650083364e-01 4.706613665919970324e-01
6.908450277007249785e-01 2.562857914739198884e-01
6.140029280173804338e-01 1.232884046813886997e-01
5.638600904791530866e-01 2.119918322551584203e-02
7.176098629855136579e-01 5.011958751107808974e-01
4.997501741909226580e-01 2.529490534196590090e-01
3.607406152370380426e-01 1.121018557531706650e-01
2.656425804483278919e-01 0.000000000000000000e+00
6.055485085153790026e-01 5.768525666602150048e-01
3.915808015197262404e-01 3.226661373045688896e-01
2.733382951651196491e-01 1.742791450077076920e-01
1.928220382291404300e-01 4.809434724101976227e-02
4.868782061387845750e-01 6.856065995454808659e-01
2.596413620444212866e-01 5.460330200763006125e-01
1.168057870848007995e-01 4.540243460751722249e-01
0.000000000000000000e+00 3.622355158982819012e-01
