3.310967385768890381e-01 5.057472586631774902e-01
3.384564220905303955e-01 3.873633146286010742e-01
3.134653270244598389e-01 2.906512320041656494e-01
2.763733565807342529e-01 2.338671684265136719e-01
2.497064173221588135e-01 2.093642652034759521e-01
2.873583137989044189e-01 2.379935085773468018e-01
2.482892572879791260e-01 1.251763701438903809e-01
2.235803902149200439e-01 5.526226758956909180e-02
2.066199481487274170e-01 0.000000000000000000e+00
2.433166801929473877e-01 2.590796053409576416e-01
1.774832308292388916e-01 1.376782953739166260e-01
1.310983598232269287e-01 6.926172971725463867e-02
9.947982430458068848e-02 1.688995957374572754e-02
2.019183337688446045e-01 3.043420910835266113e-01
1.384607851505279541e-01 1.818157434463500977e-01
9.660792350769042969e-02 1.083052754402160645e-01
6.576517224311828613e-02 4.863446950912475586e-02
1.622469723224639893e-01 3.680177330970764160e-01
8.834329247474670410e-02 3.025074005126953125e-01
4.004707932472229004e-02 2.698249816894531250e-01
0.000000000000000000e+00 2.383480668067932129e-01
