9.489817795057698957e-01 1.000000000000000000e+00
1.000000000000000000e+00 7.922110601206998615e-01
9.606718717917522854e-01 6.221631561794011001e-01
9.214765617728334357e-01 4.965224958962597412e-01
9.581526837466441959e-01 4.098993141220022007e-01
8.296742677482227268e-01 4.666985767659544981e-01
7.348290079108744655e-01 2.435025246014533018e-01
6.627627647517955189e-01 1.051016652405164370e-01
6.145363407647608245e-01 0.000000000000000000e+00
6.995764110712501260e-01 5.109717841113297077e-01
4.969495391975759513e-01 2.828225256737438298e-01
3.577128498635040454e-01 1.654793789909456969e-01
2.691046415599618324e-01 7.956239199293121955e-02
5.803734805651431516e-01 5.999827808209843294e-01
3.810639259871511642e-01 3.748377306604273040e-01
2.607703873306088660e-01 2.415868764611912300e-01
1.797404851105929291e-01 1.334941460291756699e-01
4.746803561200774180e-01 7.270793707461202793e-01
2.528928045658779822e-01 6.194970204856700136e-01
1.130366456191088109e-01 5.603100587044310688e-01
0.000000000000000000e+00 4.985563739072349509e-01
