3.252786397933959961e-01 5.127629935741424561e-01
3.520826101303100586e-01 4.084571897983551025e-01
3.420014977455139160e-01 3.232036530971527100e-01
3.284825682640075684e-01 2.563244402408599854e-01
3.411427736282348633e-01 2.087826728820800781e-01
2.864457964897155762e-01 2.414321899414062500e-01
2.515611052513122559e-01 1.248857378959655762e-01
2.244792580604553223e-01 5.280846357345581055e-02
2.058398127555847168e-01 0.000000000000000000e+00
2.374112010002136230e-01 2.675102651119232178e-01
1.677927374839782715e-01 1.525498330593109131e-01
1.209662556648254395e-01 8.890140056610107422e-02
8.967420458793640137e-02 4.175427556037902832e-02
1.948081851005554199e-01 3.149098455905914307e-01
1.241481900215148926e-01 2.019965648651123047e-01
8.390897512435913086e-02 1.309636533260345459e-01
5.708032846450805664e-02 7.344624400138854980e-02
1.604461073875427246e-01 3.796309530735015869e-01
8.406326174736022949e-02 3.286520540714263916e-01
3.669556975364685059e-02 2.993464767932891846e-01
0.000000000000000000e+00 2.695003449916839600e-01
