3.179347217082977295e-01 5.172031521797180176e-01
3.488235175609588623e-01 4.059143662452697754e-01
3.467646539211273193e-01 3.142668902873992920e-01
3.433704078197479248e-01 2.435180246829986572e-01
3.637357652187347412e-01 1.967956423759460449e-01
2.779794633388519287e-01 2.387769222259521484e-01
2.455086410045623779e-01 1.246420145034790039e-01
2.211349904537200928e-01 5.307319760322570801e-02
2.036300599575042725e-01 0.000000000000000000e+00
2.283443510532379150e-01 2.671416699886322021e-01
1.624870002269744873e-01 1.559821367263793945e-01
1.185066998004913330e-01 9.132391214370727539e-02
8.690711855888366699e-02 4.322251677513122559e-02
1.872496902942657471e-01 3.163298070430755615e-01
1.187574565410614014e-01 2.091491222381591797e-01
8.006402850151062012e-02 1.411873698234558105e-01
5.335891246795654297e-02 8.599650859832763672e-02
1.565453708171844482e-01 3.814790248870849609e-01
8.217883110046386719e-02 3.359689712524414062e-01
3.602883219718933105e-02 3.082370460033416748e-01
0.000000000000000000e+00 2.801839709281921387e-01
