3.077380359172821045e-01 5.205800533294677734e-01
3.511714637279510498e-01 4.111980795860290527e-01
3.560426533222198486e-01 3.168697357177734375e-01
3.575663268566131592e-01 2.388500273227691650e-01
3.758894503116607666e-01 1.858502030372619629e-01
2.706837356090545654e-01 2.457172870635986328e-01
2.384846508502960205e-01 1.260488629341125488e-01
2.129340469837188721e-01 5.282697081565856934e-02
1.931830346584320068e-01 0.000000000000000000e+00
2.149538099765777588e-01 2.767115235328674316e-01
1.522524654865264893e-01 1.616070866584777832e-01
1.087569296360015869e-01 9.857952594757080078e-02
7.730481028556823730e-02 5.517199635505676270e-02
1.709667742252349854e-01 3.264430165290832520e-01
1.033615171909332275e-01 2.163191735744476318e-01
6.398093700408935547e-02 1.527913808822631836e-01
3.589650988578796387e-02 1.034312248229980469e-01
1.420761048793792725e-01 3.890417218208312988e-01
7.557827234268188477e-02 3.479473590850830078e-01
3.280863165855407715e-02 3.210114836692810059e-01
0.000000000000000000e+00 2.953813672065734863e-01
