7.863260656725410414e-01 1.000000000000000000e+00
9.074515489280514657e-01 7.934100608008188837e-01
9.346465958728724654e-01 6.005200508152704897e-01
9.474481598634332258e-01 4.415842009464622797e-01
1.000000000000000000e+00 3.337406759785570554e-01
6.559099952302053227e-01 4.618313861684415489e-01
5.812510983079781646e-01 2.340677546789288743e-01
5.167866960385599784e-01 9.884045134633306917e-02
4.615345872872420596e-01 0.000000000000000000e+00
5.172580270623086118e-01 5.230933562977082563e-01
3.602318371240648687e-01 3.076911450675061666e-01
2.480741954109554614e-01 1.924000510470961767e-01
1.643457065572124232e-01 1.152160347883914859e-01
4.175101671938544756e-01 6.241410945374720187e-01
2.452553095345684497e-01 4.245878020849988554e-01
1.416872207159712849e-01 3.019986892760301300e-01
6.554184239594317007e-02 2.058150847351113699e-01
3.538017146156549608e-01 7.483290655824499371e-01
1.882360232464728722e-01 6.727300434775345117e-01
8.186473866546166434e-02 6.177835605395036733e-01
0.000000000000000000e+00 5.678887741503505504e-01
