8.496525195789282892e-01 1.000000000000000000e+00
9.581360129742467757e-01 7.622417007794112243e-01
9.646689895800936165e-01 5.590578473257914460e-01
9.653631124151695886e-01 3.800760329384447744e-01
1.000000000000000000e+00 2.581391109188470590e-01
6.363057233194756579e-01 4.432819551354826859e-01
5.130483234403699910e-01 2.190118466561645771e-01
4.187952968513544705e-01 9.310106708564766520e-02
3.408007141717588895e-01 0.000000000000000000e+00
4.931564073783201718e-01 5.320584801025577404e-01
2.947373630510667364e-01 3.309539240490318446e-01
1.609982340186913441e-01 2.232445674296432703e-01
6.538392028876774398e-02 1.510194784085451547e-01
4.053225149256173832e-01 6.577493749155517433e-01
2.062125100541083722e-01 4.688470243012791139e-01
8.733037669682595927e-02 3.562929059558486711e-01
0.000000000000000000e+00 2.722175730487447209e-01
3.713264655755392774e-01 7.992322032902688944e-01
2.057248057523334839e-01 7.364935362029672028e-01
9.508241641393375132e-02 6.924894639567167332e-01
1.133491521661138778e-02 6.558117621075564285e-01
