3.566838502883911133e-01 4.293195903301239014e-01
3.786629438400268555e-01 3.058420121669769287e-01
3.652347326278686523e-01 2.092647254467010498e-01
3.521493673324584961e-01 1.281942725181579590e-01
3.615027666091918945e-01 6.935891509056091309e-02
2.508277297019958496e-01 1.766462922096252441e-01
1.826485991477966309e-01 8.664068579673767090e-02
1.357735991477966309e-01 3.658169507980346680e-02
9.932327270507812500e-02 0.000000000000000000e+00
2.039796113967895508e-01 2.286754548549652100e-01
1.109364628791809082e-01 1.524029076099395752e-01
5.195006728172302246e-02 1.114935576915740967e-01
1.025211811065673828e-02 8.245742321014404297e-02
1.751855015754699707e-01 2.957645356655120850e-01
8.765304088592529297e-02 2.268280088901519775e-01
3.656312823295593262e-02 1.873801946640014648e-01
0.000000000000000000e+00 1.575922071933746338e-01
1.637310385704040527e-01 3.709814250469207764e-01
9.408873319625854492e-02 3.572431504726409912e-01
4.944193363189697266e-02 3.511558473110198975e-01
1.481103897094726562e-02 3.464225828647613525e-01
