6.669135397265321119e-01 1.000000000000000000e+00
8.476377359503504128e-01 8.404014387155588350e-01
9.084677967921550579e-01 6.611098450580062957e-01
9.408255036545957184e-01 4.936866100106815924e-01
1.000000000000000000e+00 3.926165012041720193e-01
6.620975323471832708e-01 4.554566978830853485e-01
6.171541799533788453e-01 2.304615989891290739e-01
5.718963389375958384e-01 9.637102498510952131e-02
5.319660449898698795e-01 0.000000000000000000e+00
5.064962795172431864e-01 4.864306824378830663e-01
3.960978093167940584e-01 2.577981779003443719e-01
3.190362006602125988e-01 1.273004819649074526e-01
2.632951513846345515e-01 3.414192318116169439e-02
3.864049405521944314e-01 5.628584379000393101e-01
2.751378899918190402e-01 3.458891410876606121e-01
2.107024962038691607e-01 2.154295477948207360e-01
1.647284386173725745e-01 1.177601836435635263e-01
3.069828370351074254e-01 6.638618391475153979e-01
1.667611759373194558e-01 5.647285960500297852e-01
7.206624210194312319e-02 4.982773638848739250e-01
0.000000000000000000e+00 4.405829235017937329e-01
