1.000000000000000000e+00 9.851385355298616364e-01
9.832046608049181957e-01 6.297669003311400227e-01
8.945588676817499696e-01 3.757445119520267940e-01
8.309395953963828463e-01 1.721148924512359291e-01
8.312940167274286418e-01 1.222831074676502573e-02
6.276950461076560295e-01 3.619355234815723188e-01
4.258810493959539478e-01 1.683518358897281575e-01
2.919501036528701077e-01 6.743076108979156880e-02
1.907443705768818443e-01 0.000000000000000000e+00
5.378729001358210082e-01 5.445406304147689669e-01
2.799050682679247726e-01 4.093815839863985118e-01
1.286455071842161624e-01 3.480232992265170910e-01
2.810436771749231372e-02 3.099810729051431513e-01
4.968103509900635983e-01 7.461129082081585651e-01
2.504106083351204659e-01 6.251030955185891136e-01
1.041403960254485700e-01 5.565709657050402770e-01
0.000000000000000000e+00 5.061872540034725310e-01
5.014720137250696652e-01 9.486793113403707567e-01
3.122980198727571821e-01 9.658041081750718959e-01
1.913636428622489116e-01 9.865134630524096115e-01
9.866166273500608097e-02 1.000000000000000000e+00
