4.238379597663879395e-01 3.059224933385848999e-01
3.982766866683959961e-01 1.926930397748947144e-01
3.529945015907287598e-01 1.158075779676437378e-01
3.196344971656799316e-01 5.528794229030609131e-02
3.115517497062683105e-01 0.000000000000000000e+00
2.500822544097900391e-01 1.292678266763687134e-01
1.556743979454040527e-01 8.445726335048675537e-02
9.259757399559020996e-02 6.165657937526702881e-02
4.464802145957946777e-02 4.764918982982635498e-02
2.275308370590209961e-01 1.996813267469406128e-01
1.173640787601470947e-01 1.853559464216232300e-01
4.907751083374023438e-02 1.826892942190170288e-01
2.742409706115722656e-04 1.817453056573867798e-01
2.219468951225280762e-01 2.782000154256820679e-01
1.173943877220153809e-01 2.661617845296859741e-01
5.041775107383728027e-02 2.583246678113937378e-01
0.000000000000000000e+00 2.509228736162185669e-01
2.323991656303405762e-01 3.578005880117416382e-01
1.578619480133056641e-01 3.890694826841354370e-01
1.094555258750915527e-01 4.125515073537826538e-01
7.083356380462646484e-02 4.303270429372787476e-01
