1.000000000000000000e+00 4.612114994070393714e-01
8.761094517467006293e-01 2.676028183324007936e-01
7.102580218375207366e-01 1.796866343994772131e-01
6.021789436034751253e-01 1.027723955436698616e-01
5.588869035529592244e-01 0.000000000000000000e+00
5.020330589049192271e-01 2.478393330323909183e-01
2.817842266496337622e-01 2.547477301181169107e-01
1.436907881222151961e-01 2.607740913353686074e-01
4.178729994191812680e-02 2.693166292115803939e-01
4.815542840553561077e-01 3.929762379741933431e-01
2.404607566422399534e-01 4.523535354761955563e-01
9.869019608803666910e-02 5.044265563065187807e-01
0.000000000000000000e+00 5.442371934023644275e-01
5.050746385255879822e-01 5.457785263739481918e-01
2.767625392484498459e-01 6.179758982312848481e-01
1.403920265339599072e-01 6.656963528847367195e-01
3.825958839154079000e-02 6.999977611620310514e-01
5.724982108449961915e-01 6.965854466673089274e-01
4.313111117370566627e-01 8.365871262477717618e-01
3.368218122794656710e-01 9.287925380344069781e-01
2.600304995898302107e-01 1.000000000000000000e+00
