4.556803703308105469e-01 1.429037600755691528e-01
3.734328150749206543e-01 7.281096279621124268e-02
2.883297204971313477e-01 5.863483250141143799e-02
2.243548035621643066e-01 4.017122089862823486e-02
1.896737217903137207e-01 0.000000000000000000e+00
2.176504731178283691e-01 1.092369407415390015e-01
1.105093359947204590e-01 1.511214524507522583e-01
4.601731896400451660e-02 1.794485002756118774e-01
0.000000000000000000e+00 2.018009573221206665e-01
2.281665205955505371e-01 1.744636446237564087e-01
1.171233654022216797e-01 2.495794445276260376e-01
5.430954694747924805e-02 3.031895309686660767e-01
9.780764579772949219e-03 3.419067412614822388e-01
2.546709179878234863e-01 2.404439598321914673e-01
1.527822613716125488e-01 3.184477239847183228e-01
9.485709667205810547e-02 3.658027797937393188e-01
5.118533968925476074e-02 3.993677645921707153e-01
2.956864237785339355e-01 3.013874441385269165e-01
2.378878593444824219e-01 3.974250704050064087e-01
2.031598687171936035e-01 4.583100229501724243e-01
1.725339889526367188e-01 5.057345777750015259e-01
