1.000000000000000000e+00 1.616206028780302617e-01
7.963453790657950560e-01 5.941891773631412937e-02
6.067707823891652641e-01 7.656117541507348467e-02
4.648087553784171488e-01 7.386840069593245128e-02
3.742375749426250509e-01 0.000000000000000000e+00
4.529454781141279973e-01 1.788100713847111667e-01
2.351394038361151739e-01 3.100424764121613164e-01
1.003596036213388470e-01 3.989010119237945684e-01
0.000000000000000000e+00 4.675585856678350360e-01
4.947118022987038177e-01 2.939707954666938572e-01
2.831658760989783086e-01 5.129812201508177072e-01
1.601540500163192993e-01 6.530019904909271089e-01
6.633072258950643840e-02 7.548476853846185497e-01
5.774355645291652239e-01 4.064263209274509570e-01
3.817003056907488645e-01 6.296158432508394132e-01
2.597161575424482005e-01 7.589273312028058660e-01
1.543607650196706649e-01 8.530696007600276909e-01
6.932101441142948239e-01 5.047356278482553193e-01
5.891145418808680922e-01 7.394845910887773988e-01
5.314230063948980343e-01 8.839148163941206171e-01
4.742518092794490991e-01 1.000000000000000000e+00
