1.000000000000000000e+00 5.997444501734903316e-02
7.734642827300119983e-01 0.000000000000000000e+00
5.637903729172473177e-01 5.691182896929673773e-02
4.082327018877193736e-01 8.446465785971694895e-02
3.015068919898808431e-01 2.430487834879710776e-02
4.304240316472413563e-01 1.921919332384955104e-01
2.172765073406323633e-01 3.776176674306615522e-01
9.157003561660582991e-02 4.983292631181694965e-01
0.000000000000000000e+00 5.864300404451476822e-01
4.977196343339369555e-01 2.956013524155368111e-01
3.044106604185722320e-01 5.944122950002675987e-01
1.978927682755921014e-01 7.723531913674070992e-01
1.215759464814371305e-01 8.950523615913378306e-01
6.049400024787497943e-01 3.884669952428065898e-01
4.278944590969835926e-01 6.839427412157282893e-01
3.195541671316659005e-01 8.669337647617687548e-01
2.288865338273634864e-01 1.000000000000000000e+00
7.423310174034030151e-01 4.636727907151920736e-01
6.759774938493918750e-01 7.129888347856169206e-01
6.453788140920849736e-01 8.669484748549978193e-01
6.184988197898446671e-01 9.873409502872398935e-01
