4.030909538269042969e-01 6.276726722717285156e-03
2.991225123405456543e-01 0.000000000000000000e+00
2.116069197654724121e-01 4.041749238967895508e-02
1.455441117286682129e-01 6.219446659088134766e-02
9.597402811050415039e-02 5.283087491989135742e-02
1.689673960208892822e-01 1.102813482284545898e-01
8.426702022552490234e-02 2.147025465965270996e-01
3.590926527976989746e-02 2.825739383697509766e-01
0.000000000000000000e+00 3.358376622200012207e-01
2.054177522659301758e-01 1.487826704978942871e-01
1.351463198661804199e-01 3.025560975074768066e-01
9.569713473320007324e-02 3.986623287200927734e-01
6.555348634719848633e-02 4.705124497413635254e-01
2.593739628791809082e-01 1.811979711055755615e-01
1.974534988403320312e-01 3.357755541801452637e-01
1.609548628330230713e-01 4.316780567169189453e-01
1.286050081253051758e-01 5.053679347038269043e-01
3.235829472541809082e-01 2.036652565002441406e-01
3.015099167823791504e-01 3.343432545661926270e-01
2.940711379051208496e-01 4.125509262084960938e-01
2.861232757568359375e-01 4.759566187858581543e-01
