1.000000000000000000e+00 0.000000000000000000e+00
6.778459717174651900e-01 3.890140623833301947e-02
4.219145279049576480e-01 1.501581454346670452e-01
2.140039019429968992e-01 2.204325396038238627e-01
4.783268444468073005e-02 2.176548007999707102e-01
3.572951021292957718e-01 2.867963708126482492e-01
1.601048043468738247e-01 5.137283095998259608e-01
6.363111700325387032e-02 6.653503156430958798e-01
0.000000000000000000e+00 7.867276960696167887e-01
4.917896148113592991e-01 3.350048577637213532e-01
3.600673087038937514e-01 6.425151437887847150e-01
2.962859657720751660e-01 8.463386631922353853e-01
2.584756439310409437e-01 1.000000000000000000e+00
6.766810421804455578e-01 3.660632589264667391e-01
5.956264318262568525e-01 6.589990173732853673e-01
5.439736096566911705e-01 8.478810629785830111e-01
4.989502904742347256e-01 9.946764306830473412e-01
8.887131937115145819e-01 3.772872654018364913e-01
8.958317499551662344e-01 6.125244668891244304e-01
9.080061340850182905e-01 7.542321515955575650e-01
9.092255380709006740e-01 8.754122433278119786e-01
