7.924220234910616112e-01 0.000000000000000000e+00
5.188640214966171449e-01 8.998829842176310490e-02
3.179509457224269364e-01 2.322241636194222192e-01
1.486991259143808086e-01 3.309600201396409869e-01
0.000000000000000000e+00 3.571828959072204102e-01
3.172907484707598313e-01 3.391903728686161967e-01
2.145710331191633957e-01 5.757682177873962859e-01
1.664331424426250816e-01 7.380775459959197926e-01
1.346859831237499916e-01 8.709326492983541224e-01
4.612662035938178695e-01 3.419820650273419083e-01
4.593915339669627507e-01 6.445655584611128530e-01
4.703028646445281957e-01 8.461725206807342303e-01
4.860710712139638678e-01 1.000000000000000000e+00
6.411343094274242205e-01 3.265821018516061880e-01
6.619175148742879600e-01 6.226076446454507085e-01
6.749040408024876703e-01 8.120596074325967528e-01
6.883031055455723912e-01 9.593135765636497947e-01
8.272001267686841519e-01 2.972167957743458433e-01
9.125057881290520312e-01 5.146220855021116369e-01
9.626557769033335932e-01 6.506239079640749878e-01
1.000000000000000000e+00 7.649313315243031486e-01
