5.826692609980722581e-01 0.000000000000000000e+00
3.868293188182951314e-01 1.386704773585750727e-01
2.517858701426325396e-01 3.157833561531207534e-01
1.224516431783235632e-01 4.388177389000365025e-01
0.000000000000000000e+00 4.812743101929449763e-01
3.120460907775343684e-01 4.007323426312225378e-01
3.102023707799911323e-01 6.463899663205844304e-01
3.244598345561495178e-01 8.085632591303787420e-01
3.422536148414577206e-01 9.390643943188073939e-01
4.474799417918666200e-01 3.900202100224664514e-01
5.150338236450876517e-01 6.646852822209646794e-01
5.728660340132902817e-01 8.539258060104818471e-01
6.238316888440157415e-01 1.000000000000000000e+00
5.963828418542554965e-01 3.493622605244836588e-01
6.856374232395057167e-01 6.092488712140321505e-01
7.442252510373913443e-01 7.882751216986663145e-01
7.904963800402780016e-01 9.294888838943652365e-01
7.340506805136366442e-01 2.872237832580644690e-01
8.536197980925576134e-01 4.660490113067951579e-01
9.378370646377508502e-01 5.823374746460081575e-01
1.000000000000000000e+00 6.847738804123164602e-01
