2.121984362602233887e-01 5.373632311820983887e-01
2.865546345710754395e-01 4.564142227172851562e-01
3.267040848731994629e-01 3.622046113014221191e-01
3.493359088897705078e-01 2.780979871749877930e-01
3.741391897201538086e-01 2.222902774810791016e-01
2.185669541358947754e-01 2.454169988632202148e-01
1.972343921661376953e-01 1.249725520610809326e-01
1.809816360473632812e-01 5.464160442352294922e-02
1.674161553382873535e-01 0.000000000000000000e+00
1.601638197898864746e-01 2.587410807609558105e-01
1.232487559318542480e-01 1.402071118354797363e-01
9.701544046401977539e-02 7.149064540863037109e-02
7.871627807617187500e-02 2.453526854515075684e-02
1.167829036712646484e-01 2.943859100341796875e-01
8.070611953735351562e-02 1.868360638618469238e-01
5.794870853424072266e-02 1.217898726463317871e-01
4.145348072052001953e-02 7.458248734474182129e-02
8.871912956237792969e-02 3.430712223052978516e-01
4.861313104629516602e-02 2.899028658866882324e-01
2.086538076400756836e-02 2.531026005744934082e-01
0.000000000000000000e+00 2.239649295806884766e-01
