2.044334858655929565e-01 0.000000000000000000e+00
1.342755705118179321e-01 1.031246483325958252e-01
9.111233055591583252e-02 2.240309119224548340e-01
4.675488173961639404e-02 3.114236295223236084e-01
0.000000000000000000e+00 3.531443178653717041e-01
1.309356242418289185e-01 2.750870287418365479e-01
1.502986103296279907e-01 4.168676435947418213e-01
1.708034425973892212e-01 5.101721584796905518e-01
1.910679787397384644e-01 5.867013037204742432e-01
1.922870725393295288e-01 2.534230053424835205e-01
2.490495294332504272e-01 4.049445092678070068e-01
2.902504354715347290e-01 5.071190893650054932e-01
3.246616870164871216e-01 5.873741805553436279e-01
2.534094899892807007e-01 2.123955190181732178e-01
3.153110891580581665e-01 3.540781438350677490e-01
3.555698543787002563e-01 4.546292126178741455e-01
3.881946355104446411e-01 5.347222387790679932e-01
3.050542622804641724e-01 1.607040464878082275e-01
3.723988682031631470e-01 2.527253329753875732e-01
4.197183996438980103e-01 3.115726411342620850e-01
4.575727730989456177e-01 3.636908829212188721e-01
