1.266654133796691895e-01 0.000000000000000000e+00
7.652586698532104492e-02 1.288961768150329590e-01
5.833041667938232422e-02 2.715265154838562012e-01
3.477111458778381348e-02 3.769789934158325195e-01
0.000000000000000000e+00 4.411580562591552734e-01
1.045310199260711670e-01 2.873291969299316406e-01
1.589260399341583252e-01 4.137183427810668945e-01
2.011302709579467773e-01 4.938942193984985352e-01
2.401636540889739990e-01 5.579833984375000000e-01
1.640341877937316895e-01 2.415521144866943359e-01
2.601593434810638428e-01 3.638766407966613770e-01
3.205617368221282959e-01 4.446191787719726562e-01
3.702158033847808838e-01 5.071395635604858398e-01
2.181060016155242920e-01 1.832461059093475342e-01
3.146459758281707764e-01 2.905799150466918945e-01
3.745569288730621338e-01 3.615437746047973633e-01
4.245898425579071045e-01 4.176988601684570312e-01
2.594493329524993896e-01 1.208730041980743408e-01
3.423974215984344482e-01 1.812599599361419678e-01
3.970617949962615967e-01 2.149913907051086426e-01
4.431909024715423584e-01 2.433425784111022949e-01
