5.089819431304931641e-02 0.000000000000000000e+00
2.939522266387939453e-02 1.418546736240386963e-01
3.272098302841186523e-02 2.868121266365051270e-01
2.458089590072631836e-02 3.970385193824768066e-01
0.000000000000000000e+00 4.690961837768554688e-01
8.957898616790771484e-02 2.805149555206298828e-01
1.597859263420104980e-01 3.848542571067810059e-01
2.118922173976898193e-01 4.528709053993225098e-01
2.576270699501037598e-01 5.066829919815063477e-01
1.402787864208221436e-01 2.203562855720520020e-01
2.466670870780944824e-01 3.087971806526184082e-01
3.184773325920104980e-01 3.697739839553833008e-01
3.766646385192871094e-01 4.176807999610900879e-01
1.839669942855834961e-01 1.508748531341552734e-01
2.884708046913146973e-01 2.262747883796691895e-01
3.565046191215515137e-01 2.814689278602600098e-01
4.123485684394836426e-01 3.258149027824401855e-01
2.151022255420684814e-01 8.108055591583251953e-02
3.060563206672668457e-01 1.175991892814636230e-01
3.662327527999877930e-01 1.377436518669128418e-01
4.174096584320068359e-01 1.555399298667907715e-01
