1.664539719008615443e-02 0.000000000000000000e+00
0.000000000000000000e+00 2.916262956677032614e-01
4.514612972403860697e-02 5.869526096578425722e-01
6.242148414819956304e-02 8.272855877001553671e-01
2.820252056110416836e-02 1.000000000000000000e+00
2.056242939156117944e-01 5.620485028233318525e-01
4.111771282472559963e-01 7.548357581557084695e-01
5.634519372063548914e-01 8.681360852780770632e-01
6.989211506457354561e-01 9.529720510517423193e-01
3.156905038559620902e-01 4.211823219181187739e-01
5.919678256151857942e-01 5.749687559187006691e-01
7.881166226267694030e-01 6.730057130045532521e-01
9.534272411841497874e-01 7.425387221108705749e-01
4.050659426990782519e-01 2.608078614448551269e-01
6.719643404961316291e-01 3.785840806419619731e-01
8.513857375163548236e-01 4.647316108145106428e-01
1.000000000000000000e+00 5.277973508311890605e-01
4.682583263960427566e-01 1.051319829772645043e-01
6.924933024944227578e-01 1.406644948900257486e-01
8.413983820554441495e-01 1.572195149499758804e-01
9.689730686692922257e-01 1.696621862146640014e-01
