0.000000000000000000e+00 0.000000000000000000e+00
5.003571510314941406e-03 1.517838835716247559e-01
4.838638007640838623e-02 2.994357347488403320e-01
7.669909298419952393e-02 4.163333177566528320e-01
6.798271834850311279e-02 5.042957067489624023e-01
1.260904818773269653e-01 2.699242234230041504e-01
2.277978211641311646e-01 3.439652919769287109e-01
2.962090522050857544e-01 3.867108821868896484e-01
3.548330217599868774e-01 4.192976355552673340e-01
1.648771017789840698e-01 1.868312954902648926e-01
2.886621505022048950e-01 2.341321706771850586e-01
3.730520159006118774e-01 2.648394107818603516e-01
4.429737478494644165e-01 2.878642678260803223e-01
1.903217285871505737e-01 9.888565540313720703e-02
3.049768954515457153e-01 1.333124041557312012e-01
3.806394487619400024e-01 1.608942151069641113e-01
4.429763108491897583e-01 1.820213198661804199e-01
2.021347433328628540e-01 1.693013310432434082e-02
2.943533211946487427e-01 2.280187606811523438e-02
3.542127162218093872e-01 2.163377404212951660e-02
4.059266000986099243e-01 2.067440748214721680e-02
