0.000000000000000000e+00 1.236471831798553467e-01
3.682044148445129395e-02 2.589338421821594238e-01
1.056139320135116577e-01 3.930406570434570312e-01
1.488553136587142944e-01 4.973621368408203125e-01
1.471945494413375854e-01 5.862663984298706055e-01
1.519831269979476929e-01 3.222618699073791504e-01
2.484485954046249390e-01 3.486577272415161133e-01
3.198405951261520386e-01 3.543354868888854980e-01
3.808132857084274292e-01 3.536815643310546875e-01
1.747334152460098267e-01 2.265967726707458496e-01
2.983935326337814331e-01 2.303076982498168945e-01
3.834500759840011597e-01 2.273195981979370117e-01
4.524752348661422729e-01 2.200849652290344238e-01
1.849541813135147095e-01 1.359567046165466309e-01
3.011359423398971558e-01 1.295766830444335938e-01
3.773563355207443237e-01 1.243127584457397461e-01
4.391871541738510132e-01 1.189879477024078369e-01
1.829421967267990112e-01 5.571782588958740234e-02
2.716322988271713257e-01 2.956753969192504883e-02
3.279769271612167358e-01 1.173585653305053711e-02
3.760402053594589233e-01 0.000000000000000000e+00
