0.000000000000000000e+00 2.692306792098951851e-01
1.662151074912232018e-01 4.433737870137327564e-01
4.050721014282014920e-01 6.573720464301262556e-01
5.523360015077523055e-01 8.483535062110202363e-01
5.796978273308051044e-01 1.000000000000000000e+00
2.496332443741468010e-01 5.282680022843696532e-01
3.921816613019122322e-01 5.994479049802068360e-01
5.525300314280376934e-01 6.287847551090146592e-01
6.505510615059817425e-01 6.482729915412785981e-01
2.704646332751844962e-01 3.848254033145205866e-01
5.598540221681063134e-01 3.836052978964762383e-01
7.482337791512670977e-01 3.904440711712232059e-01
8.419209232637966389e-01 3.958104480266884106e-01
3.053052529505397850e-01 2.479237923189629156e-01
6.657270268048351980e-01 2.155855374744295727e-01
8.288606505969012828e-01 2.047851518310065677e-01
9.226723886706365008e-01 2.025533955813673959e-01
3.298696512706705275e-01 1.229263766682218290e-01
6.471010562231377383e-01 4.760936966063691184e-02
8.488887165514436006e-01 1.520943176303721223e-02
1.000000000000000000e+00 0.000000000000000000e+00
