9.731816687407578437e-01 3.957034346597174124e-01
1.000000000000000000e+00 5.482009408056152111e-01
9.900419425174630250e-01 7.180226050086090384e-01
9.790761733035570069e-01 8.644286793617952380e-01
9.519602341832622550e-01 1.000000000000000000e+00
6.916910212993199192e-01 6.496708895665329608e-01
4.754041119694719653e-01 7.771965271697836020e-01
3.442161138679214472e-01 8.433807884601571825e-01
2.153854503630010797e-01 8.960476869745002126e-01
6.190492559365446956e-01 5.119056392076328788e-01
3.499944787776267940e-01 5.534430102423628650e-01
1.718088846918050250e-01 5.762741798738038046e-01
0.000000000000000000e+00 5.939223839795586546e-01
6.286677384276367908e-01 3.862864290195355821e-01
3.883803862319277767e-01 3.612834237161714479e-01
2.259727227836171859e-01 3.386501682853353956e-01
7.160906525058610694e-02 3.216833371858082713e-01
7.054987912340092704e-01 2.702393023202806499e-01
6.086193811133145948e-01 1.590697864768666758e-01
5.512993728583883701e-01 7.181493428115870437e-02
4.910541805248235803e-01 0.000000000000000000e+00
