1.000000000000000000e+00 3.803990594980719564e-01
9.870499162725338005e-01 5.416994737847621311e-01
9.545860668165678797e-01 7.087132951901361499e-01
9.346405515197825364e-01 8.626214213490462912e-01
9.192559035108986976e-01 1.000000000000000000e+00
6.607428806913647756e-01 6.346593664013348013e-01
4.549284693884042552e-01 7.635707463245445803e-01
3.210848662163031664e-01 8.317548229473066268e-01
1.974337832020578165e-01 8.782854699136677379e-01
6.020027440272168739e-01 5.033152990368715551e-01
3.384427115399704089e-01 5.479638847033045934e-01
1.577131763493410943e-01 5.661084889282556043e-01
0.000000000000000000e+00 5.676832305968368964e-01
6.178218276691531674e-01 3.783565877361905749e-01
3.735885966654626245e-01 3.589367250594422964e-01
2.125911759944978108e-01 3.452048719650239184e-01
6.534163562965952798e-02 3.275623647598892019e-01
6.929540986874332953e-01 2.627314238382881251e-01
5.922241252441314829e-01 1.487430792303526816e-01
5.170441412332854592e-01 6.870430125216935024e-02
4.438046269586183312e-01 0.000000000000000000e+00
