1.000000000000000000e+00 3.697254009184823831e-01
9.720485103429761242e-01 5.492544928603571019e-01
9.134998593526718613e-01 7.136661259807722812e-01
8.599063748753495995e-01 8.632201413182608585e-01
8.210613037741357756e-01 1.000000000000000000e+00
6.026142567891670243e-01 6.330894199317935733e-01
4.072492355137163345e-01 7.381982752308664519e-01
2.769099641200686857e-01 7.950205919383018793e-01
1.584287800416591396e-01 8.335029569446182895e-01
5.524357958245109668e-01 5.008385905516786751e-01
3.109332568195180557e-01 5.308612737463389575e-01
1.434475710879156984e-01 5.402350392114046995e-01
0.000000000000000000e+00 5.386544632941588917e-01
5.732347039381564535e-01 3.729809307301839572e-01
3.548527708775235379e-01 3.536662039330839002e-01
2.080607033242519999e-01 3.441800572188526974e-01
7.327128163039509090e-02 3.322311742615572938e-01
6.470197003257573964e-01 2.519333333271466246e-01
5.408941415303243350e-01 1.388249004553621380e-01
4.601798470996142920e-01 6.492077307534582786e-02
3.795420560542964172e-01 0.000000000000000000e+00
