5.412394356755498848e-01 1.000000000000000000e+00
2.185132279357230312e-01 8.591693359053063084e-01
3.230475859990805665e-02 6.648939061170485720e-01
2.279452526549031674e-02 4.812645434525321120e-01
2.306457501339897465e-01 4.489497529747717985e-01
1.739786792799418169e-01 4.515284082724865811e-01
7.024053749692341087e-02 2.401083733162264477e-01
6.856069530745022809e-03 1.029782614829235499e-01
0.000000000000000000e+00 0.000000000000000000e+00
3.457224980883251142e-01 4.381964708136017461e-01
2.204106083743024858e-01 2.786135699786015385e-01
2.313032939957143097e-01 4.598917751810552845e-01
2.761493626819377378e-01 5.702392142711827372e-01
5.490616116298182581e-01 4.350943625976926299e-01
4.334676352705081337e-01 2.620617659593741378e-01
4.175505390315210064e-01 4.318630617466547306e-01
4.621665823788103089e-01 5.730964504694741057e-01
7.652989031406016718e-01 4.590085133491631497e-01
8.899815092488260193e-01 2.624915170927796249e-01
9.459072412962519216e-01 1.332687370157689399e-01
1.000000000000000000e+00 1.538669434655998668e-02
