6.208452247512934452e-01 1.000000000000000000e+00
2.169563001454456741e-01 8.174526071355352475e-01
9.350218448026699491e-02 6.407779307251111334e-01
0.000000000000000000e+00 5.146271892804932246e-01
5.397329427450936468e-02 4.850228290206943793e-01
6.590822480813004480e-01 4.485105246914443122e-01
6.324571186849698989e-01 2.370864038291353448e-01
5.424392011948719894e-01 1.079945209761634245e-01
4.897591714162457532e-01 0.000000000000000000e+00
7.694220281704313713e-01 4.698265883363079709e-01
3.117060935306027458e-01 3.007882241313411531e-01
1.617596223816751555e-01 4.720627624034882674e-01
2.624264735341992894e-01 5.998970365027379570e-01
8.294377001508498326e-01 5.054983773241293887e-01
4.052548653486177099e-01 3.549020470691534590e-01
2.703309471298938615e-01 5.075077550086899425e-01
3.620292698925602903e-01 6.294488553552719523e-01
8.593481686051658297e-01 5.482252851916679104e-01
9.213181794041106487e-01 3.666137769456840889e-01
9.335836936863908253e-01 2.425143580065525217e-01
1.000000000000000000e+00 1.338319419672062138e-01
