1.000000000000000000e+00 1.000000000000000000e+00
9.168965579975307811e-01 7.003303010612952351e-01
7.455979531402080474e-01 5.176362841970827411e-01
5.826355966052162438e-01 4.785698281463556802e-01
4.628657277507779444e-01 5.507464916015026857e-01
6.780911494318458965e-01 3.913055574227181643e-01
4.506267019607745894e-01 1.912676540222416344e-01
3.058943971844100829e-01 8.183941654903542640e-02
1.927103360961640310e-01 0.000000000000000000e+00
5.988419017470913985e-01 5.094030307783080636e-01
3.107146726074556109e-01 4.616499742331563461e-01
3.617081670135710580e-01 5.706310262672432687e-01
4.437167308791193365e-01 6.055051421657592359e-01
5.420105733473252752e-01 6.797670527958892261e-01
2.721869942700826384e-01 6.206678093701687438e-01
3.249919165907942387e-01 6.997596961753042022e-01
4.093767133312990469e-01 7.320647830730508954e-01
4.987116162104812123e-01 8.631844084455497779e-01
2.560536672215482645e-01 8.561237331301860820e-01
1.155191533383446295e-01 8.704670893922759056e-01
0.000000000000000000e+00 8.660800041824442408e-01
