1.000000000000000000e+00 9.502362224561309301e-01
8.886961930148856714e-01 6.515279865155200190e-01
6.802332831985341555e-01 4.616903151548455986e-01
4.921668170446703572e-01 4.303437015086588602e-01
3.726064064592730096e-01 5.020982899556841739e-01
6.082309885318131215e-01 3.243124513364420425e-01
3.597373089608794094e-01 1.530049181192582874e-01
2.115000967988290570e-01 6.372396967094184905e-02
9.145549411546259611e-02 0.000000000000000000e+00
5.465839910968831594e-01 4.763271718413070177e-01
2.236646809379945200e-01 4.653936660418311888e-01
2.970637292609993318e-01 5.540306219251913689e-01
3.911909898303823074e-01 5.787080155030581707e-01
5.144717218749913501e-01 6.758749205834352347e-01
2.112475092612131344e-01 6.557828249229846751e-01
2.793675572290909570e-01 7.188834680495449492e-01
3.668606338363573083e-01 7.372161964917363086e-01
4.972759740555383612e-01 8.815317418266872540e-01
2.542679573705082796e-01 9.335784257767077987e-01
1.198413053470564621e-01 9.767867447750395726e-01
0.000000000000000000e+00 1.000000000000000000e+00
