1.920603513717651367e-01 3.081170320510864258e-01
1.667723059654235840e-01 2.332015037536621094e-01
1.204025745391845703e-01 1.658113598823547363e-01
7.063949108123779297e-02 1.349048614501953125e-01
3.011065721511840820e-02 1.352353096008300781e-01
1.360943913459777832e-01 1.067981719970703125e-01
9.563410282135009766e-02 5.705827474594116211e-02
6.601887941360473633e-02 2.539509534835815430e-02
4.139250516891479492e-02 0.000000000000000000e+00
1.374739408493041992e-01 1.436347961425781250e-01
2.827072143554687500e-02 1.259470582008361816e-01
1.114189624786376953e-03 1.657978296279907227e-01
0.000000000000000000e+00 1.941322088241577148e-01
1.321768164634704590e-01 2.000648379325866699e-01
3.054833412170410156e-02 1.875495910644531250e-01
1.932871341705322266e-02 2.140361070632934570e-01
2.972233295440673828e-02 2.299175262451171875e-01
1.222284436225891113e-01 2.620007395744323730e-01
5.123412609100341797e-02 2.559946775436401367e-01
4.896903038024902344e-02 2.722815871238708496e-01
6.180274486541748047e-02 2.822378873825073242e-01
