1.000000000000000000e+00 1.000000000000000000e+00
7.532176219913393478e-01 7.760096324504029974e-01
4.815836686915673237e-01 5.600953495596575626e-01
2.214712790537542164e-01 4.413737143475029434e-01
3.441358851162150401e-02 4.274681270742495265e-01
8.346709408902421856e-01 3.572694732951657293e-01
5.083694512876225646e-01 2.165001358274774024e-01
4.019383195874711157e-01 1.122956439042267773e-01
3.759711681177604903e-01 0.000000000000000000e+00
9.098205132128593942e-01 4.884916679924433125e-01
6.051080287056447016e-02 4.408762711391205902e-01
0.000000000000000000e+00 6.186855179547084971e-01
1.856480383456000360e-01 6.634751271748461354e-01
8.738342157207779071e-01 6.968064810756650074e-01
3.222642801401619239e-02 6.709872951453531575e-01
2.802090187137545180e-02 7.901944083394969454e-01
2.656587111532752732e-01 8.186867144773478655e-01
7.630526716447599833e-01 9.158618574728821793e-01
2.230200794148700094e-01 9.081130439137102828e-01
2.505116444539653986e-01 9.473979842581936595e-01
4.621473956819120987e-01 9.453678841801537169e-01
