8.686906099319458008e-02 3.349953889846801758e-01
4.198849201202392578e-02 2.802280187606811523e-01
1.861155033111572266e-02 2.222580313682556152e-01
1.131236553192138672e-03 1.875490546226501465e-01
0.000000000000000000e+00 1.884745955467224121e-01
9.719318151473999023e-02 1.325965523719787598e-01
9.648931026458740234e-02 7.512432336807250977e-02
1.012635827064514160e-01 3.495121002197265625e-02
1.095222234725952148e-01 0.000000000000000000e+00
1.320442557334899902e-01 1.578992605209350586e-01
5.744469165802001953e-02 1.400378346443176270e-01
2.290427684783935547e-02 1.972134709358215332e-01
2.775847911834716797e-02 2.320886254310607910e-01
1.466583013534545898e-01 2.066312432289123535e-01
6.893092393875122070e-02 1.987137794494628906e-01
4.171317815780639648e-02 2.394089698791503906e-01
4.749083518981933594e-02 2.656028270721435547e-01
1.447385549545288086e-01 2.639764547348022461e-01
9.722495079040527344e-02 2.765079736709594727e-01
8.746498823165893555e-02 2.950271964073181152e-01
1.001097559928894043e-01 3.095570206642150879e-01
