3.871514233549596118e-01 1.000000000000000000e+00
2.068557302384249619e-01 8.655376314081035805e-01
5.026151358629291771e-02 7.061181762242869642e-01
0.000000000000000000e+00 6.065310756907467127e-01
6.573939069695160231e-02 6.235858902033686313e-01
4.667374167204223490e-01 4.066620224317615828e-01
5.887434246382163838e-01 2.295071648942913489e-01
6.551553994496129851e-01 9.541656094702452573e-02
7.323108970821231578e-01 0.000000000000000000e+00
6.654108219440650895e-01 4.963773006392033782e-01
3.713699297054231518e-01 3.978687633360536435e-01
1.506269478282974972e-01 5.987596790307088135e-01
2.278477964974971182e-01 7.038902629222982821e-01
7.553845032992893005e-01 6.518496316320538941e-01
5.221557212018461680e-01 5.864877013658293947e-01
3.391268538666394883e-01 6.905445362454480929e-01
3.653004130873424571e-01 7.607725715076366635e-01
7.651346278258460698e-01 8.354389595439829508e-01
7.785290888720942659e-01 9.072314374881761401e-01
8.436681255477839203e-01 9.274861025104009782e-01
1.000000000000000000e+00 9.381340838283805939e-01
