2.276219972384868062e-01 1.000000000000000000e+00
8.405859861847525538e-02 8.386732449902034592e-01
0.000000000000000000e+00 6.549398786806176487e-01
8.211324892602485728e-03 5.466697824836854736e-01
9.609701015307386962e-02 5.799532282638457659e-01
3.221106852124617781e-01 4.181680343818183210e-01
4.483366107898734132e-01 2.178891781625111601e-01
5.386191761933750710e-01 8.486933865216464423e-02
6.202071999062852559e-01 0.000000000000000000e+00
4.543872628564953886e-01 5.157628524709227946e-01
3.722332057557770080e-01 3.666683436909172200e-01
1.865624921984371798e-01 5.394786398048131426e-01
1.487599595951061004e-01 6.688659194034684008e-01
5.422518238853607508e-01 6.464958264822190381e-01
4.863239804197576621e-01 5.337389851244814798e-01
3.201963017231611586e-01 6.448855697392101849e-01
2.522799767249375158e-01 7.446298000313148480e-01
5.895014489302496941e-01 7.986194799061931970e-01
7.412550482112576500e-01 7.856256765891646010e-01
8.602857724459364031e-01 7.729879666457116771e-01
1.000000000000000000e+00 7.539847741871174014e-01
