4.261738061904907227e-02 3.957234621047973633e-01
1.030391454696655273e-02 3.252673745155334473e-01
0.000000000000000000e+00 2.408486604690551758e-01
1.158696413040161133e-02 1.945794820785522461e-01
3.717494010925292969e-02 2.085577249526977539e-01
7.774776220321655273e-02 1.615898609161376953e-01
1.147793531417846680e-01 7.944619655609130859e-02
1.412324309349060059e-01 3.431856632232666016e-02
1.658661365509033203e-01 0.000000000000000000e+00
1.054458618164062500e-01 1.985895037651062012e-01
1.020743250846862793e-01 1.409608721733093262e-01
6.127542257308959961e-02 2.000082135200500488e-01
4.235833883285522461e-02 2.511610984802246094e-01
1.283954381942749023e-01 2.463474869728088379e-01
1.330019831657409668e-01 1.934374570846557617e-01
9.346890449523925781e-02 2.351972460746765137e-01
7.071727514266967773e-02 2.731207609176635742e-01
1.458933949470520020e-01 3.026133179664611816e-01
1.960995197296142578e-01 2.844967842102050781e-01
2.293319702148437500e-01 2.715579867362976074e-01
2.642046213150024414e-01 2.533400654792785645e-01
