2.345080301191435901e-01 1.000000000000000000e+00
8.125939846172772207e-02 8.626104576910367250e-01
0.000000000000000000e+00 6.779842251373711104e-01
3.085288917205404602e-02 5.394943038596601292e-01
1.776779763402045742e-01 5.301271240375311500e-01
2.114291261886357409e-01 4.336214560907745152e-01
2.962429563176941505e-01 2.223135903160017024e-01
3.685778325747240958e-01 9.682381318489503841e-02
4.464264730453494923e-01 0.000000000000000000e+00
3.499922884416593050e-01 4.869883158328114914e-01
3.498607788306706823e-01 3.554577870884168544e-01
2.521043832864825474e-01 5.114866048001787124e-01
2.044315755264515533e-01 6.361692715095963457e-01
4.865201501183357147e-01 5.641953378593248525e-01
5.039060420059598977e-01 4.285121983545727153e-01
4.023241626991923003e-01 5.590429605252519307e-01
3.447078053823005028e-01 6.712184561829565022e-01
6.109277830922247299e-01 6.639218462816740551e-01
7.924284890670300063e-01 5.618599693823214114e-01
8.992553755987933162e-01 4.907891978220733642e-01
1.000000000000000000e+00 4.104569723767840239e-01
