3.506707347102215322e-01 1.000000000000000000e+00
1.390753151010517552e-01 8.853445770054906294e-01
0.000000000000000000e+00 7.040988620624168970e-01
1.456801704019664099e-04 5.560100936663237015e-01
1.530332803126270569e-01 5.154660903389013393e-01
1.782774621947065818e-01 4.384657078588661272e-01
2.085080313606863245e-01 2.244786942666200658e-01
2.522579781809781152e-01 9.847580376437047034e-02
3.114281065780656332e-01 0.000000000000000000e+00
3.324893337620369871e-01 4.709717525968546981e-01
3.082901814917082262e-01 3.241517599049803522e-01
2.328987595011189071e-01 4.836603493317655489e-01
2.015236340936978621e-01 6.051622069419916317e-01
4.909053029902595289e-01 5.237968217910338176e-01
4.764628545217191036e-01 3.799178528609240546e-01
3.963722801318805278e-01 5.218758847387386934e-01
3.583721878247990711e-01 6.367672613883675892e-01
6.406289361041616059e-01 6.008347105460227766e-01
8.106977719184841336e-01 4.741872159302025214e-01
9.084904208197333020e-01 3.892313046963594148e-01
1.000000000000000000e+00 2.940094501818004691e-01
