8.341213276051233638e-01 1.000000000000000000e+00
4.132713804611101160e-01 8.115708571881283806e-01
2.433381915722106215e-01 6.422788523600809762e-01
7.867344341740406533e-02 5.436456826024853584e-01
0.000000000000000000e+00 4.676103437187615897e-01
9.843205026895071041e-01 4.625240878089472707e-01
7.654862321831477079e-01 2.225937822578578085e-01
7.054730015051325909e-01 1.039279730822375847e-01
6.697630393193254594e-01 0.000000000000000000e+00
1.000000000000000000e+00 4.896841846495121886e-01
4.539409404648085955e-01 3.090480451301265696e-01
2.522922530948634168e-01 4.228426993258908584e-01
2.496537432428696801e-01 5.105683441335262529e-01
8.707592483678510131e-01 5.247306359647589957e-01
4.162173034009896133e-01 3.195882819654253804e-01
2.306470354416310653e-01 4.286156179877387840e-01
2.415461400831397376e-01 5.200750188158701492e-01
6.444903472290404167e-01 5.530630838453812759e-01
5.513937489812473780e-01 3.375760790289846214e-01
5.062049782809079357e-01 2.241935681181100593e-01
5.376955171069426331e-01 1.259983188049184633e-01
