9.873634576797485352e-02 4.228920340538024902e-01
4.940497875213623047e-02 3.899791240692138672e-01
3.958702087402343750e-03 3.185427188873291016e-01
0.000000000000000000e+00 2.487590312957763672e-01
3.968244791030883789e-02 2.241711020469665527e-01
2.066069841384887695e-02 1.971434354782104492e-01
1.228040456771850586e-02 1.022470593452453613e-01
1.296418905258178711e-02 4.648321866989135742e-02
2.070665359497070312e-02 0.000000000000000000e+00
6.096106767654418945e-02 1.986883878707885742e-01
4.801505804061889648e-02 1.334221363067626953e-01
4.213440418243408203e-02 2.069700956344604492e-01
4.486936330795288086e-02 2.579365968704223633e-01
1.036481261253356934e-01 2.108089327812194824e-01
9.326839447021484375e-02 1.503933668136596680e-01
8.547598123550415039e-02 2.161797881126403809e-01
8.557289838790893555e-02 2.651076912879943848e-01
1.452672481536865234e-01 2.332478165626525879e-01
1.757384538650512695e-01 1.683514118194580078e-01
1.933922171592712402e-01 1.267108917236328125e-01
2.090230584144592285e-01 8.086037635803222656e-02
