1.752098798751831055e-01 3.894670605659484863e-01
1.120533347129821777e-01 3.531090021133422852e-01
6.707245111465454102e-02 3.001411557197570801e-01
5.880594253540039062e-02 2.265703678131103516e-01
9.394270181655883789e-02 1.807915568351745605e-01
5.488646030426025391e-02 1.981441974639892578e-01
2.013438940048217773e-02 1.066887974739074707e-01
6.372988224029541016e-03 4.520982503890991211e-02
0.000000000000000000e+00 0.000000000000000000e+00
9.283536672592163086e-02 1.802666187286376953e-01
6.989836692810058594e-02 1.152180433273315430e-01
8.674919605255126953e-02 1.839147210121154785e-01
9.126400947570800781e-02 2.144016623497009277e-01
1.338434815406799316e-01 1.711698174476623535e-01
1.197497844696044922e-01 1.055247187614440918e-01
1.237888932228088379e-01 1.680736541748046875e-01
1.298045516014099121e-01 2.204074859619140625e-01
1.776621937751770020e-01 1.771686673164367676e-01
1.965990662574768066e-01 1.018940806388854980e-01
2.066982388496398926e-01 5.163627862930297852e-02
2.142989039421081543e-01 2.454459667205810547e-03
