1.000000000000000000e+00 1.000000000000000000e+00
7.242674073257912015e-01 9.440164412789824322e-01
5.334892641647236422e-01 8.421263552257615137e-01
4.941289305920466557e-01 6.693269033908072485e-01
6.056268697957838398e-01 5.300009578810813693e-01
3.920911073825089632e-01 6.151775492260596057e-01
1.804067462885085293e-01 4.179804378036796608e-01
7.295571253808609546e-02 2.824134869656255153e-01
0.000000000000000000e+00 1.814922991563607813e-01
5.434914160397759098e-01 5.348882936220727968e-01
4.211564565988000219e-01 3.859103955804040198e-01
5.536190323365444144e-01 5.486250122030377208e-01
6.014088989030367260e-01 6.205393880394622919e-01
7.069791987876538064e-01 4.828741267751020527e-01
6.197104360024224823e-01 3.216517236197867224e-01
6.768300243016450723e-01 4.724782097355605393e-01
7.309014926815295965e-01 6.027393256700807056e-01
8.840035820215645934e-01 4.692357975767750822e-01
9.062627944747342346e-01 2.579310564326611210e-01
9.169464966956516472e-01 1.228708950740735883e-01
9.191227744546549561e-01 0.000000000000000000e+00
