1.000000000000000000e+00 1.000000000000000000e+00
7.506652481647915209e-01 9.721733492491069217e-01
5.755807823656845512e-01 8.867615132516014631e-01
5.376990592156558613e-01 7.175733390214870111e-01
6.179505713996873428e-01 5.781146749605599044e-01
4.058694998522635045e-01 6.653679432302601615e-01
2.012876288789510748e-01 4.916565810971164630e-01
8.760297625065135985e-02 3.736883576669294271e-01
0.000000000000000000e+00 2.836800818946711988e-01
5.337403282483916822e-01 5.701136356132479044e-01
4.082085527506107980e-01 4.390612764960236114e-01
5.407160513003632651e-01 5.789387201254834192e-01
6.050328469671061304e-01 6.560953619586905594e-01
6.767045777491030867e-01 5.033754984620946171e-01
5.750894120434106860e-01 3.569712669917083914e-01
6.413040035508827952e-01 4.936630988244533613e-01
7.068842609204613048e-01 6.148514868210361861e-01
8.321685072625184532e-01 4.705605027443345301e-01
8.169108621694314287e-01 2.578263175086255021e-01
8.084621128533364676e-01 1.215600222304841771e-01
7.942811436584592544e-01 0.000000000000000000e+00
