2.990950345993041992e-01 3.754350543022155762e-01
2.317487597465515137e-01 3.756747841835021973e-01
1.813819408416748047e-01 3.511736989021301270e-01
1.702902317047119141e-01 2.845019698143005371e-01
1.909819841384887695e-01 2.266814112663269043e-01
1.248633861541748047e-01 2.718928456306457520e-01
6.452620029449462891e-02 2.091649770736694336e-01
2.945363521575927734e-02 1.670291423797607422e-01
0.000000000000000000e+00 1.349314451217651367e-01
1.577823758125305176e-01 2.266716957092285156e-01
1.203913092613220215e-01 1.811177730560302734e-01
1.600792407989501953e-01 2.308718562126159668e-01
1.814025044441223145e-01 2.598965167999267578e-01
1.953358054161071777e-01 1.949355602264404297e-01
1.631597280502319336e-01 1.411556601524353027e-01
1.832551956176757812e-01 1.891893744468688965e-01
2.033225297927856445e-01 2.328020334243774414e-01
2.361635565757751465e-01 1.772401928901672363e-01
2.268904447555541992e-01 9.633344411849975586e-02
2.217113375663757324e-01 4.494774341583251953e-02
2.156913280487060547e-01 0.000000000000000000e+00
