3.086307644844055176e-01 3.653087019920349121e-01
2.429952621459960938e-01 3.761699795722961426e-01
1.916705369949340820e-01 3.552396893501281738e-01
1.814042329788208008e-01 2.889965176582336426e-01
1.987956762313842773e-01 2.299997210502624512e-01
1.268275380134582520e-01 2.853599190711975098e-01
6.342279911041259766e-02 2.325562834739685059e-01
2.984935045242309570e-02 1.985217928886413574e-01
0.000000000000000000e+00 1.681928038597106934e-01
1.573401093482971191e-01 2.349014878273010254e-01
1.226859688758850098e-01 1.943568587303161621e-01
1.640747189521789551e-01 2.372435927391052246e-01
1.927066445350646973e-01 2.676500678062438965e-01
1.941719651222229004e-01 1.969317197799682617e-01
1.589070558547973633e-01 1.462611556053161621e-01
1.822625398635864258e-01 1.886817216873168945e-01
2.049409747123718262e-01 2.265642285346984863e-01
2.340196371078491211e-01 1.718939542770385742e-01
2.197778820991516113e-01 9.284895658493041992e-02
2.120274901390075684e-01 4.348546266555786133e-02
2.016035914421081543e-01 0.000000000000000000e+00
