3.171654343605041504e-01 3.379728794097900391e-01
2.586158514022827148e-01 3.596855998039245605e-01
2.092919349670410156e-01 3.501045703887939453e-01
1.948143839836120605e-01 2.902240753173828125e-01
2.034940123558044434e-01 2.274057865142822266e-01
1.357607841491699219e-01 2.933794856071472168e-01
6.935334205627441406e-02 2.612152695655822754e-01
3.249436616897583008e-02 2.376134395599365234e-01
0.000000000000000000e+00 2.148848176002502441e-01
1.592302918434143066e-01 2.381905317306518555e-01
1.222200393676757812e-01 2.076256275177001953e-01
1.702898144721984863e-01 2.416980862617492676e-01
2.004389762878417969e-01 2.638865113258361816e-01
1.909125447273254395e-01 1.937865614891052246e-01
1.529417634010314941e-01 1.542022228240966797e-01
1.854196786880493164e-01 1.904334425926208496e-01
2.140407562255859375e-01 2.202722430229187012e-01
2.271590828895568848e-01 1.606067419052124023e-01
2.035846710205078125e-01 8.774524927139282227e-02
1.899751424789428711e-01 4.149252176284790039e-02
1.741712689399719238e-01 0.000000000000000000e+00
