3.306297659873962402e-01 3.195153176784515381e-01
2.711231112480163574e-01 3.493150174617767334e-01
2.206434607505798340e-01 3.502397239208221436e-01
1.998002529144287109e-01 2.921251952648162842e-01
2.019202709197998047e-01 2.279360592365264893e-01
1.425567865371704102e-01 3.013179004192352295e-01
7.419747114181518555e-02 2.786460816860198975e-01
3.465360403060913086e-02 2.591184079647064209e-01
0.000000000000000000e+00 2.422005832195281982e-01
1.609424948692321777e-01 2.417651116847991943e-01
1.213887333869934082e-01 2.206078469753265381e-01
1.749463677406311035e-01 2.495011985301971436e-01
2.029750943183898926e-01 2.661235034465789795e-01
1.874504685401916504e-01 1.932381689548492432e-01
1.466018557548522949e-01 1.601140201091766357e-01
1.841517090797424316e-01 1.958480775356292725e-01
2.161567211151123047e-01 2.229042351245880127e-01
2.205709218978881836e-01 1.543698608875274658e-01
1.889233589172363281e-01 8.540567755699157715e-02
1.717204451560974121e-01 4.128167033195495605e-02
1.529218554496765137e-01 0.000000000000000000e+00
