3.261581063270568848e-01 2.996086478233337402e-01
2.757428288459777832e-01 3.372640013694763184e-01
2.279996871948242188e-01 3.442767262458801270e-01
2.061420679092407227e-01 2.908104658126831055e-01
2.027467489242553711e-01 2.277901172637939453e-01
1.451088190078735352e-01 3.010259866714477539e-01
7.726824283599853516e-02 2.840475440025329590e-01
3.691691160202026367e-02 2.724570035934448242e-01
0.000000000000000000e+00 2.603257298469543457e-01
1.589871644973754883e-01 2.403533458709716797e-01
1.202948093414306641e-01 2.217034101486206055e-01
1.750177741050720215e-01 2.468476891517639160e-01
2.067684531211853027e-01 2.597343921661376953e-01
1.828270554542541504e-01 1.888980865478515625e-01
1.418266296386718750e-01 1.591622829437255859e-01
1.834636330604553223e-01 1.912299990653991699e-01
2.174984812736511230e-01 2.134692072868347168e-01
2.130728363990783691e-01 1.475479602813720703e-01
1.803316473960876465e-01 8.221036195755004883e-02
1.605681777000427246e-01 4.044371843338012695e-02
1.386307477951049805e-01 0.000000000000000000e+00
