2.847950458526611328e-01 2.543014287948608398e-01
2.484579086303710938e-01 3.033472895622253418e-01
2.159155011177062988e-01 3.299788236618041992e-01
2.024913430213928223e-01 2.979205846786499023e-01
2.028409838676452637e-01 2.412180304527282715e-01
1.213244199752807617e-01 2.843977212905883789e-01
6.803596019744873047e-02 2.952721118927001953e-01
3.144884109497070312e-02 3.067740201950073242e-01
0.000000000000000000e+00 3.138765096664428711e-01
1.268735527992248535e-01 2.248834371566772461e-01
1.132412552833557129e-01 2.458333969116210938e-01
1.750646233558654785e-01 2.641261816024780273e-01
1.967889666557312012e-01 2.582171559333801270e-01
1.501538753509521484e-01 1.726505160331726074e-01
1.348675489425659180e-01 1.772243380546569824e-01
1.815543770790100098e-01 2.075055241584777832e-01
2.101941704750061035e-01 2.193186879158020020e-01
1.822156906127929688e-01 1.301708817481994629e-01
1.553393602371215820e-01 7.886952161788940430e-02
1.373093128204345703e-01 4.100471735000610352e-02
1.161714196205139160e-01 0.000000000000000000e+00
