1.208677291870117188e-01 4.056935906410217285e-01
1.454680562019348145e-01 3.303187489509582520e-01
1.412808299064636230e-01 2.554829716682434082e-01
1.150806546211242676e-01 2.100382447242736816e-01
8.336865901947021484e-02 1.909283995628356934e-01
1.447186470031738281e-01 1.928653120994567871e-01
1.273174285888671875e-01 9.860533475875854492e-02
1.191000938415527344e-01 4.227244853973388672e-02
1.124973297119140625e-01 0.000000000000000000e+00
1.231525540351867676e-01 1.961568593978881836e-01
6.964546442031860352e-02 1.392010450363159180e-01
4.843997955322265625e-02 1.742498278617858887e-01
4.754537343978881836e-02 2.035596966743469238e-01
9.358352422714233398e-02 2.120879888534545898e-01
4.513019323348999023e-02 1.555963158607482910e-01
2.654772996902465820e-02 1.922482252120971680e-01
2.672368288040161133e-02 2.217507362365722656e-01
6.045502424240112305e-02 2.314534187316894531e-01
3.573817014694213867e-02 1.505392789840698242e-01
1.464062929153442383e-02 1.062378287315368652e-01
0.000000000000000000e+00 6.875526905059814453e-02
