1.000000000000000000e+00 7.218081875367671207e-01
9.055993900445541422e-01 8.664631195269471009e-01
8.024783233242761549e-01 9.747410215037980441e-01
7.570213747563130369e-01 9.098811682858467531e-01
7.542658118882041851e-01 7.364901173417391922e-01
4.081357738821573267e-01 8.535257021130240318e-01
2.417899138765101097e-01 9.105702817214568201e-01
1.039453885040183545e-01 9.629405969141375810e-01
0.000000000000000000e+00 1.000000000000000000e+00
4.146042224146772592e-01 6.728318225312067691e-01
3.952740306869608755e-01 7.479345443341616217e-01
6.485705473169476321e-01 7.859423874561133339e-01
7.256419076944523594e-01 7.546651516222502298e-01
5.052760624493096708e-01 5.081732667089831068e-01
4.977239283046306362e-01 5.491534325698068653e-01
6.782722101615143995e-01 6.264873919291424897e-01
7.759803016254336328e-01 6.558049558874278206e-01
6.277458130166976291e-01 3.772592743626654310e-01
5.487195037094479977e-01 2.466097525781223709e-01
4.996399963679580836e-01 1.261348088579368198e-01
4.325567512475660958e-01 0.000000000000000000e+00
