1.963691711425781250e-01 2.370745837688446045e-01
1.796352863311767578e-01 2.877286970615386963e-01
1.602936387062072754e-01 3.234190046787261963e-01
1.588398218154907227e-01 3.001745045185089111e-01
1.596876978874206543e-01 2.399154007434844971e-01
5.587327480316162109e-02 2.770295441150665283e-01
3.807681798934936523e-02 3.137559592723846436e-01
1.567393541336059570e-02 3.420074880123138428e-01
0.000000000000000000e+00 3.653329908847808838e-01
5.535131692886352539e-02 2.189733684062957764e-01
7.643806934356689453e-02 2.595554292201995850e-01
1.306928992271423340e-01 2.656240761280059814e-01
1.399242877960205078e-01 2.473864853382110596e-01
7.731437683105468750e-02 1.664969027042388916e-01
9.984874725341796875e-02 1.908547580242156982e-01
1.389764547348022461e-01 2.120650112628936768e-01
1.545051932334899902e-01 2.173914015293121338e-01
1.071199178695678711e-01 1.244978010654449463e-01
9.473526477813720703e-02 8.451077342033386230e-02
8.424627780914306641e-02 4.387113451957702637e-02
7.039082050323486328e-02 0.000000000000000000e+00
