1.000000000000000000e+00 6.757680784354076486e-01
8.735267806677338154e-01 8.043194264012957229e-01
7.510219205267513187e-01 8.920642992474842048e-01
7.514803717292611873e-01 8.186769293835504113e-01
7.707639318226540137e-01 6.683717890203068057e-01
1.590818694760816887e-01 7.615688404963967262e-01
8.926610126677672619e-02 8.623937806982818755e-01
1.911748492414272471e-02 9.374245130996705644e-01
0.000000000000000000e+00 1.000000000000000000e+00
1.513876347965160407e-01 6.075203935600171912e-01
3.237890119643901388e-01 7.249569597495286732e-01
5.929944190369593748e-01 7.434589323966575014e-01
6.342954993629132954e-01 6.861266884623674622e-01
2.794089119564352464e-01 4.703186459116187046e-01
4.510793490411601492e-01 5.324726220664846021e-01
6.563416291834544003e-01 5.893143717463398268e-01
7.391545238736544343e-01 5.957513437309291948e-01
4.661695111109870338e-01 3.535006153097400849e-01
3.986348341969707110e-01 2.388180957805417781e-01
3.454220472462922742e-01 1.236348254560066390e-01
2.853795934089091713e-01 0.000000000000000000e+00
