1.832843422889709473e-01 3.983524739742279053e-01
1.120458841323852539e-01 3.344081342220306396e-01
6.513613462448120117e-02 2.477319538593292236e-01
3.283751010894775391e-02 1.868443191051483154e-01
0.000000000000000000e+00 1.465589106082916260e-01
1.297817826271057129e-01 1.192936003208160400e-01
1.385619044303894043e-01 1.797902584075927734e-02
9.445434808731079102e-02 0.000000000000000000e+00
6.634145975112915039e-02 1.243740320205688477e-02
1.544140577316284180e-01 1.329124867916107178e-01
1.563371419906616211e-01 1.662275195121765137e-02
9.098213911056518555e-02 4.340004920959472656e-02
6.725442409515380859e-02 8.108922839164733887e-02
1.737027764320373535e-01 1.593228280544281006e-01
1.671133637428283691e-01 6.074455380439758301e-02
1.036826372146606445e-01 8.774641156196594238e-02
8.253961801528930664e-02 1.284994184970855713e-01
1.876748204231262207e-01 1.987312138080596924e-01
1.653490066528320312e-01 1.308105885982513428e-01
1.178036928176879883e-01 1.417348682880401611e-01
1.010235548019409180e-01 1.735703647136688232e-01
