1.662657260894775391e-01 4.559099078178405762e-01
9.268409013748168945e-02 4.304637908935546875e-01
3.345990180969238281e-02 3.445871472358703613e-01
2.846056222915649414e-02 2.546338438987731934e-01
6.874400377273559570e-02 2.039129734039306641e-01
4.758089780807495117e-02 2.298877239227294922e-01
2.079334855079650879e-02 1.304750740528106689e-01
7.907181978225708008e-03 7.026553153991699219e-02
0.000000000000000000e+00 1.516902446746826172e-02
9.108507633209228516e-02 2.159289717674255371e-01
6.798881292343139648e-02 1.465716958045959473e-01
7.593959569931030273e-02 2.115226387977600098e-01
8.872348070144653320e-02 2.630270719528198242e-01
1.381562352180480957e-01 2.083604931831359863e-01
1.154589056968688965e-01 1.490379571914672852e-01
1.221229434013366699e-01 2.287203073501586914e-01
1.358273029327392578e-01 2.901057004928588867e-01
1.864355206489562988e-01 2.063398957252502441e-01
1.854367852210998535e-01 1.148537397384643555e-01
1.791544556617736816e-01 5.782973766326904297e-02
1.712982058525085449e-01 0.000000000000000000e+00
