1.470785140991210938e-01 4.610258042812347412e-01
7.365840673446655273e-02 4.190690815448760986e-01
2.414816617965698242e-02 3.372252881526947021e-01
0.000000000000000000e+00 2.700583636760711670e-01
2.710288763046264648e-02 2.216747105121612549e-01
7.547187805175781250e-02 2.109521925449371338e-01
5.573505163192749023e-02 1.105932891368865967e-01
3.520518541336059570e-02 5.356308817863464355e-02
2.365428209304809570e-02 1.553565263748168945e-03
1.033763289451599121e-01 2.102229893207550049e-01
5.509907007217407227e-02 1.452562808990478516e-01
5.173128843307495117e-02 2.269539535045623779e-01
6.710672378540039062e-02 2.849839031696319580e-01
1.356149911880493164e-01 2.151114642620086670e-01
8.678740262985229492e-02 1.703394353389739990e-01
9.428846836090087891e-02 2.519706189632415771e-01
1.171385049819946289e-01 3.054397404193878174e-01
1.713312268257141113e-01 2.244026362895965576e-01
1.711837649345397949e-01 1.232240498065948486e-01
1.653841733932495117e-01 6.079354882240295410e-02
1.625382900238037109e-01 0.000000000000000000e+00
