8.538518292114246622e-01 1.000000000000000000e+00
4.205887051423284340e-01 8.953157439648646854e-01
1.427838511920646591e-01 7.165433031671257780e-01
0.000000000000000000e+00 5.799633726632913433e-01
1.657067296549342428e-01 4.980646583219363044e-01
5.136557172841296204e-01 4.572692379312609523e-01
3.792070385326048454e-01 2.391726355867188070e-01
2.444163320107151371e-01 1.176559821894420932e-01
1.633491019462525173e-01 0.000000000000000000e+00
6.530324030682772563e-01 4.606338467128239800e-01
2.841539752879395642e-01 3.297369960143086698e-01
2.898635490182860930e-01 5.180980448843290898e-01
4.186595355477107372e-01 6.374290199615230135e-01
8.160027258800705008e-01 4.764374958378774783e-01
4.613376573129212566e-01 3.807662810869794079e-01
5.201594159672672246e-01 5.625235277251207089e-01
6.788872647289402318e-01 6.724465086156841132e-01
1.000000000000000000e+00 5.013707750792623097e-01
9.853622456376223138e-01 2.746398804812971162e-01
9.412502666320698985e-01 1.383553083521011640e-01
9.205583252458786614e-01 6.525088302866431655e-03
