9.585241386373499761e-01 1.000000000000000000e+00
4.128022209107782281e-01 8.864209140007033305e-01
2.189611013219187330e-01 7.369453665934972975e-01
2.698613106026327702e-02 6.123878927957380203e-01
0.000000000000000000e+00 5.348554671533928273e-01
8.880662982497818936e-01 4.866701491074580388e-01
4.930273340927769365e-01 3.316097154389159862e-01
3.998550229470048678e-01 4.139018166460941561e-01
4.766513071020287429e-01 4.553567265817750620e-01
9.988003925377532122e-01 4.715103856796379889e-01
2.772667250380491111e-01 3.479224087181179148e-01
2.250871583238402973e-01 5.243109572240189920e-01
4.237086590839834188e-01 6.058480538497893475e-01
1.000000000000000000e+00 4.815531903412152981e-01
3.064149197925157830e-01 3.784790596159338105e-01
2.541589610005851041e-01 5.457605904871190017e-01
4.355515298143168845e-01 6.255129701889747817e-01
8.965256715157446932e-01 4.941652805546459803e-01
6.516886426806736132e-01 2.830900857955426786e-01
4.765132137307624416e-01 1.441411739631413003e-01
3.995276283281971597e-01 0.000000000000000000e+00
