1.211278438568115234e-01 4.520998001098632812e-01
1.216797828674316406e-01 3.514592647552490234e-01
9.553784132003784180e-02 2.532137632369995117e-01
4.990023374557495117e-02 1.861753165721893311e-01
1.510298252105712891e-02 1.361306905746459961e-01
1.344233751296997070e-01 2.130101919174194336e-01
8.318823575973510742e-02 1.100307106971740723e-01
5.571305751800537109e-02 5.118024349212646484e-02
3.379476070404052734e-02 0.000000000000000000e+00
1.223818063735961914e-01 2.315498590469360352e-01
2.760291099548339844e-02 1.764782667160034180e-01
1.082497835159301758e-02 2.258079648017883301e-01
1.814818382263183594e-02 2.605904340744018555e-01
9.644901752471923828e-02 2.611976265907287598e-01
1.099413633346557617e-02 1.987648904323577881e-01
1.797974109649658203e-03 2.480164766311645508e-01
1.146626472473144531e-02 2.868958115577697754e-01
6.078433990478515625e-02 2.961751222610473633e-01
7.490098476409912109e-03 2.369177341461181641e-01
0.000000000000000000e+00 2.389053702354431152e-01
4.421055316925048828e-03 2.411475777626037598e-01
