9.231284127232526338e-01 1.000000000000000000e+00
1.000000000000000000e+00 7.803184319374232292e-01
9.445394258008962263e-01 5.875442722198543910e-01
7.572445019239787412e-01 4.777013837455545420e-01
5.735516931600403989e-01 4.471446855324618386e-01
9.894655364892218641e-01 4.733045833407091840e-01
8.030041282638903377e-01 2.436955529529234998e-01
6.857587277257940483e-01 1.125090320837191932e-01
5.940799199824974286e-01 0.000000000000000000e+00
8.616351253962390988e-01 4.981579315157300125e-01
5.010381290649843500e-01 3.630590654020037222e-01
4.909871812185565010e-01 4.850893404143301613e-01
5.687599354938025487e-01 5.472228965380303567e-01
6.964387054544600719e-01 5.651413622455744301e-01
3.634942609958329296e-01 4.486460818303999454e-01
3.866721230243572727e-01 5.528411404249018446e-01
4.815696031520932396e-01 6.128202420678900975e-01
4.993825857263827217e-01 6.406054507302231249e-01
2.364491161032415689e-01 4.671657373900227617e-01
9.886057261631756021e-02 3.696757437070655183e-01
0.000000000000000000e+00 2.654158187515032741e-01
