7.988797387283302909e-01 1.000000000000000000e+00
9.748464492975850160e-01 8.069494403125234694e-01
9.876309505951585965e-01 6.125380512358199470e-01
8.543527148512635172e-01 4.884095860566448621e-01
6.735867420738280709e-01 4.476658402824731375e-01
1.000000000000000000e+00 4.897396138532041365e-01
9.168699790973784403e-01 2.563113214634512582e-01
8.742573004570287631e-01 1.088284877169258535e-01
8.470956265601249369e-01 0.000000000000000000e+00
8.122265272059148167e-01 4.868484711892419603e-01
5.864648944736335912e-01 3.195238524528585256e-01
5.366049588464771869e-01 4.054505296371422318e-01
5.831853616318443123e-01 4.684806550972879791e-01
6.067322869231284166e-01 5.240183307039291138e-01
4.049422284014965179e-01 3.476078431372549016e-01
3.864841130879080322e-01 4.290987904740440340e-01
4.478019582055395853e-01 4.986546465329426692e-01
3.968735817947077749e-01 5.790277214334009770e-01
2.140665033824444008e-01 3.959241229058673150e-01
8.447659245723303234e-02 2.930149500413192221e-01
0.000000000000000000e+00 1.996088948989557521e-01
