2.237130403518676758e-01 4.931908845901489258e-01
2.489344477653503418e-01 3.857364058494567871e-01
2.372894883155822754e-01 2.853533625602722168e-01
1.962961554527282715e-01 2.278076708316802979e-01
1.536690592765808105e-01 2.074836194515228271e-01
2.413631677627563477e-01 2.326523661613464355e-01
2.051529288291931152e-01 1.204348206520080566e-01
1.818684935569763184e-01 5.338358879089355469e-02
1.642414331436157227e-01 0.000000000000000000e+00
2.003438472747802734e-01 2.496778964996337891e-01
1.354287862777709961e-01 1.777768433094024658e-01
1.318169832229614258e-01 2.274361252784729004e-01
1.482957005500793457e-01 2.561752200126647949e-01
1.555762887001037598e-01 2.870854735374450684e-01
9.531670808792114258e-02 2.236185371875762939e-01
9.927451610565185547e-02 2.633030414581298828e-01
1.204530000686645508e-01 2.912245392799377441e-01
1.090908646583557129e-01 3.280999660491943359e-01
5.638560652732849121e-02 2.381967604160308838e-01
2.331817150115966797e-02 1.876737773418426514e-01
0.000000000000000000e+00 1.402789056301116943e-01
