8.694472258822080191e-01 1.000000000000000000e+00
1.000000000000000000e+00 7.677010745888525056e-01
9.491477439907879399e-01 5.750313565406054428e-01
7.975561670553106275e-01 4.701111184721236680e-01
6.316662201976233071e-01 4.426460954737970743e-01
9.402151821741383531e-01 4.763530086922836970e-01
8.468234011580021425e-01 2.478548172459973109e-01
7.824441555838963502e-01 1.038343056734069292e-01
7.176036722703643678e-01 0.000000000000000000e+00
7.504506156387767968e-01 5.086280938365144166e-01
5.858657670940272677e-01 3.495451462993398595e-01
6.065569375268250463e-01 4.311472263567447394e-01
6.577775020954507168e-01 4.929883609840028935e-01
5.671045244241287309e-01 5.813130197628281204e-01
4.141340056952636517e-01 4.400987405961266918e-01
4.508458032250742265e-01 5.011666551152376137e-01
5.137168241123275525e-01 5.533804874828596176e-01
3.902889234097692839e-01 6.673500248934277623e-01
1.895395143280209083e-01 4.752311864580694434e-01
7.890028199121103258e-02 3.771197803965462558e-01
0.000000000000000000e+00 2.918603492234321251e-01
