2.017242908477783203e-01 5.120890736579895020e-01
2.465263009071350098e-01 3.964205384254455566e-01
2.396240830421447754e-01 3.010727763175964355e-01
2.009490132331848145e-01 2.508631944656372070e-01
1.567354798316955566e-01 2.359374165534973145e-01
2.235311865806579590e-01 2.423917651176452637e-01
2.112108469009399414e-01 1.272809505462646484e-01
1.996599435806274414e-01 5.371096730232238770e-02
1.871523261070251465e-01 0.000000000000000000e+00
1.664055585861206055e-01 2.519645094871520996e-01
1.462894082069396973e-01 1.831879019737243652e-01
1.526355743408203125e-01 2.216263413429260254e-01
1.623892188072204590e-01 2.548075020313262939e-01
1.156821846961975098e-01 2.855119705200195312e-01
9.794372320175170898e-02 2.276280224323272705e-01
1.094021797180175781e-01 2.635304033756256104e-01
1.208664178848266602e-01 2.921023964881896973e-01
7.088392972946166992e-02 3.288153409957885742e-01
2.986639738082885742e-02 2.333940863609313965e-01
1.113232970237731934e-02 1.859483122825622559e-01
0.000000000000000000e+00 1.472433507442474365e-01
