8.373422327798371034e-01 1.000000000000000000e+00
1.000000000000000000e+00 7.615708359328123844e-01
9.521725635493387685e-01 5.792577052249030523e-01
7.900247040286775269e-01 4.888397941922551504e-01
6.224565767925295257e-01 4.599531057301935455e-01
9.000329906098196719e-01 4.641141841677743907e-01
8.536179101709503447e-01 2.427016710591590742e-01
8.006653667971300736e-01 1.013004257513547279e-01
7.489673729957391224e-01 0.000000000000000000e+00
6.907177392449623810e-01 4.843187594969131649e-01
5.768070551331309082e-01 3.635613860871624858e-01
5.950214973506994243e-01 4.502776200973495069e-01
6.389337537166728254e-01 5.138265968373486592e-01
4.980142302363412821e-01 5.500721701506074979e-01
4.203441784007607152e-01 4.450224177554188421e-01
4.602726937105999783e-01 5.209219605405477349e-01
5.090055998044966667e-01 5.806326722492637371e-01
3.153959239224219946e-01 6.396209725350194830e-01
1.398998242863645491e-01 4.583954344961109206e-01
5.169415903519141570e-02 3.663372179038766885e-01
0.000000000000000000e+00 2.923272466952658855e-01
