2.824383974075317383e-01 4.996034502983093262e-01
3.006333112716674805e-01 3.629689812660217285e-01
2.724356651306152344e-01 2.652332186698913574e-01
2.243714332580566406e-01 2.318795323371887207e-01
1.766253113746643066e-01 2.341722249984741211e-01
2.489007711410522461e-01 2.099384963512420654e-01
2.120161056518554688e-01 1.058902740478515625e-01
1.878312230110168457e-01 4.475814104080200195e-02
1.692152023315429688e-01 0.000000000000000000e+00
1.983927488327026367e-01 2.356289625167846680e-01
1.641002893447875977e-01 1.923904716968536377e-01
1.745530366897583008e-01 2.398476898670196533e-01
1.918478012084960938e-01 2.663314342498779297e-01
1.544683873653411865e-01 2.872090935707092285e-01
1.268433332443237305e-01 2.576913833618164062e-01
1.431903541088104248e-01 2.989885807037353516e-01
1.623664498329162598e-01 3.215835690498352051e-01
1.146873235702514648e-01 3.493650555610656738e-01
5.628582835197448730e-02 2.746062874794006348e-01
2.360284328460693359e-02 2.385347187519073486e-01
0.000000000000000000e+00 2.070811092853546143e-01
