3.520613908767700195e-01 4.372124969959259033e-01
3.313890695571899414e-01 3.005128800868988037e-01
2.758897542953491211e-01 2.136928141117095947e-01
2.138537168502807617e-01 2.024324238300323486e-01
1.685894131660461426e-01 2.243373095989227295e-01
2.491928935050964355e-01 1.596259176731109619e-01
1.761793494224548340e-01 8.150604367256164551e-02
1.298517584800720215e-01 3.441047668457031250e-02
9.482514858245849609e-02 0.000000000000000000e+00
2.105909585952758789e-01 2.129527330398559570e-01
1.477839946746826172e-01 2.056509256362915039e-01
1.703252196311950684e-01 2.501808702945709229e-01
1.974416375160217285e-01 2.646004259586334229e-01
1.839120984077453613e-01 2.855191528797149658e-01
1.285542249679565430e-01 2.808047831058502197e-01
1.529523432254791260e-01 3.134858310222625732e-01
1.805388033390045166e-01 3.221978843212127686e-01
1.609488129615783691e-01 3.639310896396636963e-01
8.181905746459960938e-02 3.279610574245452881e-01
3.631699085235595703e-02 3.115259706974029541e-01
0.000000000000000000e+00 2.924611866474151611e-01
