1.000000000000000000e+00 1.000000000000000000e+00
8.886332468523233663e-01 6.528228180957095228e-01
7.046584706484259053e-01 4.677538780939022312e-01
5.471894176306221214e-01 4.837743241398778649e-01
4.418837773936419855e-01 5.819792819617120028e-01
6.075965040278757945e-01 3.171612404529833285e-01
3.737842959769679951e-01 1.618925096595573987e-01
2.240177038837743717e-01 6.721472046776746923e-02
1.099782636994699192e-01 0.000000000000000000e+00
5.332096160424796283e-01 4.827356957125955583e-01
3.442619799408457859e-01 5.166459377552758969e-01
4.238390151457815391e-01 6.187708962294963255e-01
5.026870669011845871e-01 6.317743033821362486e-01
4.961174365696606192e-01 7.003837463917979012e-01
3.275863321657892513e-01 7.371819504188162897e-01
4.020376268077003323e-01 8.050103422152579125e-01
4.816119374067200920e-01 8.013349040024467795e-01
4.733353414688047933e-01 9.400760244048438352e-01
2.410075138576484310e-01 9.205508972822102898e-01
1.084945644111975221e-01 9.278511973057110840e-01
0.000000000000000000e+00 9.136387340775972143e-01
