4.020037949085235596e-01 2.861538529396057129e-01
3.483276665210723877e-01 1.732379794120788574e-01
2.697797715663909912e-01 1.148428320884704590e-01
2.070766389369964600e-01 1.180158853530883789e-01
1.668101251125335693e-01 1.471576392650604248e-01
2.245651781558990479e-01 6.329140067100524902e-02
1.167426109313964844e-01 3.141433000564575195e-02
5.113133788108825684e-02 1.348331570625305176e-02
0.000000000000000000e+00 0.000000000000000000e+00
2.039479315280914307e-01 1.289217472076416016e-01
1.194849908351898193e-01 1.611338853836059570e-01
1.549939811229705811e-01 1.958739757537841797e-01
1.892536580562591553e-01 1.996899843215942383e-01
1.980915963649749756e-01 2.118886113166809082e-01
1.250820457935333252e-01 2.479628324508666992e-01
1.585015952587127686e-01 2.701549530029296875e-01
1.922399103641510010e-01 2.671517729759216309e-01
1.974700391292572021e-01 2.996238470077514648e-01
1.062900125980377197e-01 3.192259669303894043e-01
5.248013138771057129e-02 3.357793688774108887e-01
5.553692579269409180e-03 3.426465988159179688e-01
