3.907734751701354980e-01 3.242904543876647949e-01
3.387868404388427734e-01 2.121634483337402344e-01
2.509807348251342773e-01 1.386975646018981934e-01
1.695435643196105957e-01 1.153743267059326172e-01
1.097908318042755127e-01 1.240505278110504150e-01
2.323775291442871094e-01 9.008920192718505859e-02
1.192125678062438965e-01 4.038015007972717285e-02
5.507937073707580566e-02 1.905643939971923828e-02
0.000000000000000000e+00 0.000000000000000000e+00
2.264754176139831543e-01 1.517501473426818848e-01
9.289586544036865234e-02 1.857835650444030762e-01
1.243911683559417725e-01 2.328779697418212891e-01
1.602395176887512207e-01 2.345091104507446289e-01
2.261856198310852051e-01 2.365491986274719238e-01
1.060304641723632812e-01 2.646376490592956543e-01
1.331523060798645020e-01 2.973801493644714355e-01
1.693896055221557617e-01 2.981606721878051758e-01
2.252653241157531738e-01 3.209716677665710449e-01
1.271830797195434570e-01 3.529820442199707031e-01
7.150605320930480957e-02 3.792096376419067383e-01
2.421256899833679199e-02 3.908710479736328125e-01
