2.032609581947326660e-01 4.471362829208374023e-01
1.332665085792541504e-01 3.428630232810974121e-01
7.508242130279541016e-02 2.530999779701232910e-01
2.530694007873535156e-02 2.291000485420227051e-01
0.000000000000000000e+00 2.590284347534179688e-01
1.675205230712890625e-01 1.520498394966125488e-01
1.275164484977722168e-01 8.554160594940185547e-02
9.595322608947753906e-02 4.207164049148559570e-02
7.425343990325927734e-02 0.000000000000000000e+00
1.896522641181945801e-01 1.955093741416931152e-01
5.698436498641967773e-02 1.920353770256042480e-01
5.808317661285400391e-02 2.582705616950988770e-01
9.183263778686523438e-02 2.768362164497375488e-01
1.968005299568176270e-01 2.656225562095642090e-01
7.206708192825317383e-02 2.776172161102294922e-01
8.715635538101196289e-02 3.238554000854492188e-01
1.263696551322937012e-01 3.270187973976135254e-01
1.936017870903015137e-01 3.427453637123107910e-01
1.044213175773620605e-01 3.634558320045471191e-01
1.146327853202819824e-01 3.914965987205505371e-01
1.475822925567626953e-01 3.921682238578796387e-01
