8.395633799302908429e-01 1.000000000000000000e+00
9.797207163508629968e-01 7.819304340674153586e-01
9.681516712984968853e-01 5.975341059496738216e-01
8.429610274983936336e-01 4.915873260052059379e-01
6.817960160751564969e-01 4.522506042887365352e-01
1.000000000000000000e+00 4.875200477643220620e-01
9.670117777123262703e-01 2.455731947111979563e-01
9.414879467107848399e-01 1.048656856906559492e-01
9.207884123563427892e-01 0.000000000000000000e+00
8.054644256319880569e-01 5.065991223915059516e-01
6.437190988554729598e-01 3.370532946872853430e-01
6.291716848877910717e-01 4.167246712775889983e-01
6.698174128951839279e-01 4.844054666997686387e-01
6.019350973494396184e-01 5.616139954337552309e-01
4.510057989413052137e-01 3.942001989164687914e-01
4.655334478411199406e-01 4.669267100952392280e-01
5.213532396728330909e-01 5.304774756799486291e-01
3.959827661568899315e-01 6.296105288649729292e-01
2.011209061603180248e-01 4.557787061900185344e-01
8.610376401416215686e-02 3.571699029939517933e-01
0.000000000000000000e+00 2.624906900695598289e-01
