5.149425518501963284e-01 1.000000000000000000e+00
2.718751323505798068e-01 8.232014742247764083e-01
1.431982237676199532e-01 6.611953651591379044e-01
2.532569287718506104e-02 5.395664605891318244e-01
0.000000000000000000e+00 5.282079363973226638e-01
7.111769855176853783e-01 3.981285196436162854e-01
7.671092927093606795e-01 2.323985003196380461e-01
7.679852821584867151e-01 1.015349360730800760e-01
7.847305441219889488e-01 0.000000000000000000e+00
9.224659453388677210e-01 4.832261848358657685e-01
3.992705064559660677e-01 4.036071059569506514e-01
1.978048161442874930e-01 5.690014744172052774e-01
2.748062692203511181e-01 6.537805324423328068e-01
1.000000000000000000e+00 6.240674589511501225e-01
4.491952018325394702e-01 5.816410248374767056e-01
3.091392664784279876e-01 7.025039252045621740e-01
4.079085241543045637e-01 7.683018031818656945e-01
9.867416330819929193e-01 7.815589127056222774e-01
5.861009267816025270e-01 7.375111282281139324e-01
4.596187145471835600e-01 7.963396462360851080e-01
5.128803965139581145e-01 8.512691437480490730e-01
