3.732347488403320312e-02 4.300474524497985840e-01
6.590485572814941406e-03 3.565806746482849121e-01
0.000000000000000000e+00 2.711364030838012695e-01
3.023743629455566406e-04 2.160134315490722656e-01
1.378411054611206055e-02 2.359548211097717285e-01
1.204260587692260742e-01 1.944636702537536621e-01
1.697400808334350586e-01 1.049951314926147461e-01
2.002114057540893555e-01 4.543635249137878418e-02
2.276992201805114746e-01 0.000000000000000000e+00
1.582051515579223633e-01 2.460902333259582520e-01
1.094907522201538086e-01 1.648231744766235352e-01
4.699343442916870117e-02 2.369787096977233887e-01
5.183547735214233398e-02 2.832860350608825684e-01
1.728985905647277832e-01 3.168857693672180176e-01
1.246089339256286621e-01 2.612806558609008789e-01
7.225936651229858398e-02 3.021273016929626465e-01
6.467795372009277344e-02 3.402298092842102051e-01
1.696914434432983398e-01 3.918849229812622070e-01
1.990265846252441406e-01 3.780317306518554688e-01
2.261050343513488770e-01 3.671836853027343750e-01
2.655217051506042480e-01 3.608070015907287598e-01
