2.278244495391845703e-02 4.551132619380950928e-01
0.000000000000000000e+00 3.612266480922698975e-01
3.496408462524414062e-03 2.593603432178497314e-01
1.624929904937744141e-02 2.018323838710784912e-01
5.704045295715332031e-02 2.147376835346221924e-01
1.239222288131713867e-01 1.980709135532379150e-01
1.933799386024475098e-01 9.663370251655578613e-02
2.337424755096435547e-01 4.104065895080566406e-02
2.730534076690673828e-01 0.000000000000000000e+00
1.507308483123779297e-01 2.550707161426544189e-01
1.497467756271362305e-01 1.674152314662933350e-01
8.119887113571166992e-02 2.306894361972808838e-01
6.012010574340820312e-02 2.864979803562164307e-01
1.653619408607482910e-01 3.260658085346221924e-01
1.569586992263793945e-01 2.695973813533782959e-01
1.005580425262451172e-01 3.126396834850311279e-01
7.977080345153808594e-02 3.561667501926422119e-01
1.721845865249633789e-01 4.024759232997894287e-01
2.339680194854736328e-01 3.840197026729583740e-01
2.733021974563598633e-01 3.702096641063690186e-01
3.207363486289978027e-01 3.562467396259307861e-01
