2.028524875640869141e-02 4.408959448337554932e-01
0.000000000000000000e+00 3.448668420314788818e-01
1.168107986450195312e-02 2.341539561748504639e-01
4.255497455596923828e-02 1.815196573734283447e-01
8.821874856948852539e-02 1.985177695751190186e-01
1.394118070602416992e-01 1.703783571720123291e-01
2.155066728591918945e-01 8.134362101554870605e-02
2.642113566398620605e-01 3.454104065895080566e-02
3.085570931434631348e-01 0.000000000000000000e+00
1.691218614578247070e-01 2.352242171764373779e-01
1.746572852134704590e-01 1.674289405345916748e-01
1.036595106124877930e-01 2.252320945262908936e-01
7.099896669387817383e-02 2.803024947643280029e-01
1.870004534721374512e-01 3.113310635089874268e-01
1.927147507667541504e-01 2.620829045772552490e-01
1.297298669815063477e-01 2.976981103420257568e-01
9.695535898208618164e-02 3.356912434101104736e-01
1.987738013267517090e-01 3.917910754680633545e-01
2.729293107986450195e-01 3.716656267642974854e-01
3.189839124679565430e-01 3.629203736782073975e-01
3.694816827774047852e-01 3.525588214397430420e-01
