2.306711673736572266e-02 4.665235877037048340e-01
0.000000000000000000e+00 3.629092574119567871e-01
1.313352584838867188e-02 2.447808384895324707e-01
4.687362909317016602e-02 1.839146018028259277e-01
9.676367044448852539e-02 2.099682092666625977e-01
1.421872377395629883e-01 1.793281435966491699e-01
2.185558080673217773e-01 8.031314611434936523e-02
2.674044966697692871e-01 3.343096375465393066e-02
3.148214221000671387e-01 0.000000000000000000e+00
1.726896762847900391e-01 2.434492707252502441e-01
1.818730831146240234e-01 1.685788035392761230e-01
1.122801303863525391e-01 2.303678393363952637e-01
8.125269412994384766e-02 2.832957506179809570e-01
1.925737857818603516e-01 3.169530034065246582e-01
1.991043686866760254e-01 2.585545778274536133e-01
1.369603872299194336e-01 3.066726922988891602e-01
1.051905751228332520e-01 3.525766730308532715e-01
2.064633965492248535e-01 3.927604556083679199e-01
2.842406630516052246e-01 3.701326251029968262e-01
3.306114673614501953e-01 3.503487706184387207e-01
3.794739246368408203e-01 3.265386223793029785e-01
