2.759677171707153320e-02 4.796039760112762451e-01
0.000000000000000000e+00 3.759644925594329834e-01
8.438348770141601562e-03 2.605351507663726807e-01
4.354745149612426758e-02 2.073231637477874756e-01
9.718853235244750977e-02 2.179713547229766846e-01
1.280459165573120117e-01 1.910826265811920166e-01
2.033990025520324707e-01 8.926913142204284668e-02
2.540532946586608887e-01 3.959509730339050293e-02
3.005982637405395508e-01 0.000000000000000000e+00
1.608942151069641113e-01 2.526198327541351318e-01
1.730113625526428223e-01 1.899159848690032959e-01
1.098339557647705078e-01 2.475076019763946533e-01
7.330322265625000000e-02 2.998256385326385498e-01
1.835281252861022949e-01 3.232720792293548584e-01
1.973912119865417480e-01 2.741356194019317627e-01
1.392697095870971680e-01 3.173690736293792725e-01
1.041876673698425293e-01 3.571859300136566162e-01
2.002699971199035645e-01 3.982953131198883057e-01
2.700260877609252930e-01 3.663838803768157959e-01
3.141675591468811035e-01 3.456856906414031982e-01
3.611176609992980957e-01 3.231380879878997803e-01
