1.874679260202644637e-01 1.000000000000000000e+00
5.477020303809880530e-02 7.962602687404164437e-01
0.000000000000000000e+00 6.043721657350724641e-01
1.921467720746794158e-02 4.681619904548340871e-01
1.804495283211794143e-01 4.713693358863823013e-01
5.672415952989803278e-01 4.274259731702525489e-01
7.630230968666985580e-01 2.240091911638693867e-01
8.702784851023679380e-01 1.042925123407100613e-01
1.000000000000000000e+00 0.000000000000000000e+00
7.471311231880050086e-01 5.166185572663962722e-01
5.400822174267916331e-01 3.576985811266745752e-01
2.961797784024013391e-01 4.638858423605715653e-01
2.359271274035709964e-01 5.673975229346993610e-01
8.439816159343660473e-01 6.326647936156822860e-01
5.768040464082673235e-01 5.054657930709690605e-01
3.642472264287278105e-01 6.115330615489600330e-01
3.087518781364975706e-01 7.112240743434805612e-01
8.788598422069522353e-01 7.619166780380505211e-01
7.390248789902602589e-01 6.547352580726034654e-01
6.231737284941956112e-01 6.732027759808485445e-01
5.959726785641249469e-01 7.194347895911206159e-01
