1.686138510704040527e-01 5.376308858394622803e-01
1.421723961830139160e-01 4.029476344585418701e-01
1.143144965171813965e-01 2.951120436191558838e-01
7.545483112335205078e-02 2.278311550617218018e-01
3.263562917709350586e-02 2.201326191425323486e-01
1.692798733711242676e-01 2.272423207759857178e-01
1.299306750297546387e-01 1.279725730419158936e-01
1.085703969001770020e-01 5.838158726692199707e-02
8.953756093978881836e-02 0.000000000000000000e+00
1.810955405235290527e-01 2.687288820743560791e-01
3.526896238327026367e-02 2.144248187541961670e-01
1.629620790481567383e-02 2.811838686466217041e-01
3.711408376693725586e-02 3.176948130130767822e-01
1.671177744865417480e-01 3.378235995769500732e-01
3.185737133026123047e-02 3.058967888355255127e-01
3.337651491165161133e-02 3.530236184597015381e-01
6.261104345321655273e-02 3.770953118801116943e-01
1.428933143615722656e-01 4.158366620540618896e-01
5.467206239700317383e-02 3.958552181720733643e-01
1.975595951080322266e-02 3.772973120212554932e-01
0.000000000000000000e+00 3.543913662433624268e-01
