2.988432049751281738e-01 4.996654987335205078e-01
2.940340042114257812e-01 3.847088217735290527e-01
2.577552795410156250e-01 2.774562239646911621e-01
2.018908262252807617e-01 2.187119424343109131e-01
1.467189788818359375e-01 2.065547704696655273e-01
2.645349502563476562e-01 2.127254307270050049e-01
2.011269927024841309e-01 1.113239824771881104e-01
1.591164469718933105e-01 4.779824614524841309e-02
1.197137832641601562e-01 0.000000000000000000e+00
2.583365440368652344e-01 2.509333491325378418e-01
1.186602413654327393e-01 2.087022960186004639e-01
1.216230690479278564e-01 2.762541770935058594e-01
1.485347151756286621e-01 3.034469485282897949e-01
2.369040846824645996e-01 3.206064701080322266e-01
1.080414652824401855e-01 2.840036749839782715e-01
1.178826689720153809e-01 3.327870965003967285e-01
1.449513435363769531e-01 3.603114485740661621e-01
2.102376222610473633e-01 3.954800963401794434e-01
1.056429147720336914e-01 3.723784685134887695e-01
4.775607585906982422e-02 3.586460947990417480e-01
0.000000000000000000e+00 3.405554294586181641e-01
