1.000000000000000000e+00 1.000000000000000000e+00
9.616970378190952129e-01 7.499837700058177292e-01
8.113242671848953647e-01 5.232355865745488277e-01
6.299297885060561875e-01 4.116101357378957326e-01
4.663899602087586138e-01 4.095036830180620591e-01
8.057755338882738316e-01 3.927102135165396746e-01
5.698381231969869010e-01 2.070795610607472914e-01
4.253331107461195693e-01 8.901518901864807765e-02
3.092384353058907909e-01 0.000000000000000000e+00
7.388657502821578404e-01 4.873097111512216806e-01
3.803848459066152543e-01 4.339008734619417273e-01
4.121640387190961818e-01 5.673242717745737851e-01
4.984759238607366361e-01 6.173724353789309394e-01
6.621821050455535262e-01 6.426719257696463794e-01
3.422027455612441926e-01 6.040568217736087542e-01
3.872458533689103755e-01 6.956233157464531969e-01
4.777093425611344535e-01 7.366568768678593004e-01
5.874408102241727159e-01 8.101867715145179005e-01
3.053311568131117371e-01 7.714058583887263287e-01
1.384994382022943504e-01 7.540690913985542698e-01
0.000000000000000000e+00 7.189238222977309967e-01
