1.435643434524536133e-01 4.012933969497680664e-01
1.810199618339538574e-01 3.183795213699340820e-01
1.797526478767395020e-01 2.437652945518493652e-01
1.532002687454223633e-01 1.988857388496398926e-01
1.244159340858459473e-01 1.792665719985961914e-01
1.737468838691711426e-01 1.922534704208374023e-01
1.733439564704895020e-01 9.921139478683471680e-02
1.723361611366271973e-01 4.155552387237548828e-02
1.699783205986022949e-01 0.000000000000000000e+00
1.331139802932739258e-01 1.952658891677856445e-01
1.198980808258056641e-01 1.364969611167907715e-01
1.237484812736511230e-01 1.652526855468750000e-01
1.310739517211914062e-01 1.941532492637634277e-01
9.623765945434570312e-02 2.147516012191772461e-01
8.221775293350219727e-02 1.617711782455444336e-01
9.056878089904785156e-02 1.866102814674377441e-01
9.985268115997314453e-02 2.117472290992736816e-01
6.329900026321411133e-02 2.433229684829711914e-01
3.350299596786499023e-02 1.806310415267944336e-01
1.566416025161743164e-02 1.455367803573608398e-01
0.000000000000000000e+00 1.177441477775573730e-01
