4.231053888797760010e-01 4.283683300018310547e-01
3.881190121173858643e-01 2.947089672088623047e-01
3.052422106266021729e-01 1.935099661350250244e-01
2.195675671100616455e-01 1.507378220558166504e-01
1.559959948062896729e-01 1.439006924629211426e-01
2.906467616558074951e-01 1.252530217170715332e-01
1.844972670078277588e-01 6.046470999717712402e-02
1.207658946514129639e-01 2.738755941390991211e-02
7.174214720726013184e-02 0.000000000000000000e+00
2.669428288936614990e-01 1.795389652252197266e-01
1.449609696865081787e-01 1.941211819648742676e-01
1.678266227245330811e-01 2.507905364036560059e-01
2.009426653385162354e-01 2.632672786712646484e-01
2.481673657894134521e-01 2.598820328712463379e-01
1.383814513683319092e-01 2.771068811416625977e-01
1.648095548152923584e-01 3.168483376502990723e-01
2.010054886341094971e-01 3.249691128730773926e-01
2.317893803119659424e-01 3.472476005554199219e-01
1.239466369152069092e-01 3.481178879737854004e-01
5.708023905754089355e-02 3.525654077529907227e-01
0.000000000000000000e+00 3.474025130271911621e-01
