3.948084115982055664e-01 3.198853731155395508e-01
3.362565636634826660e-01 2.164001464843750000e-01
2.563936114311218262e-01 1.440935134887695312e-01
1.830087304115295410e-01 1.242171525955200195e-01
1.286305785179138184e-01 1.345756947994232178e-01
2.293382287025451660e-01 6.098663806915283203e-02
1.201160550117492676e-01 2.800709009170532227e-02
5.558431148529052734e-02 1.273882389068603516e-02
4.050254821777343750e-03 0.000000000000000000e+00
2.217592597007751465e-01 9.557190537452697754e-02
1.162866353988647461e-01 1.842821240425109863e-01
1.489239931106567383e-01 2.330072522163391113e-01
1.832710504531860352e-01 2.407303452491760254e-01
2.160865664482116699e-01 1.619119644165039062e-01
1.205730438232421875e-01 2.405647635459899902e-01
1.605227589607238770e-01 2.767745852470397949e-01
1.977382302284240723e-01 2.814897894859313965e-01
2.102002501487731934e-01 2.405897974967956543e-01
1.115897297859191895e-01 2.721017599105834961e-01
5.532234907150268555e-02 2.877945303916931152e-01
0.000000000000000000e+00 2.900672554969787598e-01
