4.132833778858184814e-01 2.197454571723937988e-01
3.299501240253448486e-01 2.734735012054443359e-01
2.460804879665374756e-01 2.859795689582824707e-01
1.903757750988006592e-01 2.845959663391113281e-01
1.729340851306915283e-01 2.409244775772094727e-01
1.817324459552764893e-01 1.439978480339050293e-01
9.521940350532531738e-02 1.098561882972717285e-01
4.248470067977905273e-02 9.491580724716186523e-02
0.000000000000000000e+00 7.405501604080200195e-02
2.078834474086761475e-01 1.065505743026733398e-01
1.571067869663238525e-01 1.398153305053710938e-01
2.186543643474578857e-01 1.894093155860900879e-01
2.527349889278411865e-01 1.916146278381347656e-01
2.426892220973968506e-01 7.610511779785156250e-02
1.922211945056915283e-01 1.202641129493713379e-01
2.510115802288055420e-01 1.560423374176025391e-01
2.889430224895477295e-01 1.522985696792602539e-01
2.790837585926055908e-01 5.398616194725036621e-02
2.081288397312164307e-01 2.957496047019958496e-02
1.613808572292327881e-01 2.210170030593872070e-02
1.150561869144439697e-01 0.000000000000000000e+00
