4.203305840492248535e-01 2.567115426063537598e-01
3.597026467323303223e-01 3.294733762741088867e-01
2.745631933212280273e-01 3.634248375892639160e-01
2.125273346900939941e-01 3.542934656143188477e-01
2.001020908355712891e-01 2.909124493598937988e-01
1.899020671844482422e-01 2.608093023300170898e-01
1.016761660575866699e-01 2.380878925323486328e-01
4.706248641014099121e-02 2.282168269157409668e-01
0.000000000000000000e+00 2.119514942169189453e-01
2.099347710609436035e-01 2.072428464889526367e-01
1.535084843635559082e-01 2.136944532394409180e-01
2.257727980613708496e-01 2.460865974426269531e-01
2.702959179878234863e-01 2.514042258262634277e-01
2.375150322914123535e-01 1.526793241500854492e-01
1.869544982910156250e-01 1.639053225517272949e-01
2.501825690269470215e-01 1.926723718643188477e-01
2.945557236671447754e-01 1.976280212402343750e-01
2.690417170524597168e-01 1.011126637458801270e-01
1.996431350708007812e-01 4.725652933120727539e-02
1.541234850883483887e-01 2.490553259849548340e-02
1.072793602943420410e-01 0.000000000000000000e+00
