1.000000000000000000e+00 6.355049553668765672e-01
8.760426011515241029e-01 8.633246866862150926e-01
6.707339874363298371e-01 1.000000000000000000e+00
5.168083035550469218e-01 9.700361047964861649e-01
4.835882121670146971e-01 7.832238408009662978e-01
4.572663620398927375e-01 7.719070924146876900e-01
2.434397546676917989e-01 7.452810064757952047e-01
1.147413613846247904e-01 7.297706651521684851e-01
0.000000000000000000e+00 6.949071344028915354e-01
4.876917619717448527e-01 6.005168090246646440e-01
3.308917060555492395e-01 6.346476540482277606e-01
5.025983207667508168e-01 6.913148665053352460e-01
6.188475322610237361e-01 6.915162075309975176e-01
5.424745362887372080e-01 4.214738803862307925e-01
4.198837292607704441e-01 4.607836078052192641e-01
5.703033278873288481e-01 5.116793814479927427e-01
6.794640432651563033e-01 5.109554643431619692e-01
6.079335296224782637e-01 2.502112478809868645e-01
4.337508059795381898e-01 1.184581661744716075e-01
3.212277099696829175e-01 6.051545663352071724e-02
2.055489834610377820e-01 0.000000000000000000e+00
