4.207818508148193359e-01 2.043851613998413086e-01
3.768090605735778809e-01 2.855449318885803223e-01
2.955640554428100586e-01 3.446825146675109863e-01
2.326794266700744629e-01 3.222095370292663574e-01
2.095503211021423340e-01 2.517783641815185547e-01
1.954144835472106934e-01 2.871116399765014648e-01
1.026597023010253906e-01 2.930739521980285645e-01
4.901564121246337891e-02 2.947657704353332520e-01
0.000000000000000000e+00 2.899056077003479004e-01
2.022419571876525879e-01 2.183406352996826172e-01
1.384998559951782227e-01 2.306495308876037598e-01
2.067530751228332520e-01 2.415393590927124023e-01
2.564344406127929688e-01 2.398639917373657227e-01
2.211837172508239746e-01 1.481711268424987793e-01
1.777970194816589355e-01 1.555792689323425293e-01
2.409034967422485352e-01 1.714583039283752441e-01
2.860260605812072754e-01 1.766869425773620605e-01
2.438076734542846680e-01 8.051547408103942871e-02
1.715821623802185059e-01 3.905147314071655273e-02
1.245825886726379395e-01 1.730757951736450195e-02
7.430648803710937500e-02 0.000000000000000000e+00
