0.000000000000000000e+00 3.062859389109334196e-01
6.975492004838419746e-02 6.885147266911616493e-01
2.170128685335463992e-01 9.336756469790855606e-01
3.363958372599040181e-01 8.206704563179390011e-01
3.934670712251165936e-01 5.812313638757682366e-01
5.034278630341353367e-01 8.584032963950749551e-01
7.325429754866956689e-01 9.318906358962091296e-01
8.780562435349843486e-01 9.790764805904526025e-01
1.000000000000000000e+00 1.000000000000000000e+00
5.006404623929650022e-01 5.799936069744131562e-01
5.929241205145290294e-01 6.379317652934252125e-01
4.056253268455324856e-01 5.660436614270436539e-01
2.674661385816208825e-01 5.030638260369606485e-01
4.773591500379162911e-01 3.064426169997125360e-01
5.575366708520591574e-01 3.226319400874179677e-01
3.907178965792158509e-01 3.310189741362246085e-01
2.705350135074031659e-01 3.343268402855738008e-01
4.442031428493055101e-01 4.412236838515951054e-02
6.443993165333623541e-01 0.000000000000000000e+00
7.577354991191208589e-01 5.966077794867813248e-03
8.743138124147767920e-01 2.979485662206237187e-02
