0.000000000000000000e+00 3.436172073754500955e-01
7.391124639657005446e-02 7.445837407378230743e-01
2.259279090542935242e-01 9.966247213816689099e-01
3.464608480507297972e-01 9.195386752364490546e-01
4.010564078543379374e-01 6.809443597455016040e-01
5.045580540431350292e-01 9.077069537574664615e-01
7.340543331162580065e-01 9.603087624017015989e-01
8.782084229333604330e-01 9.893760107879163712e-01
1.000000000000000000e+00 1.000000000000000000e+00
5.001090068900448937e-01 6.202588543862982418e-01
6.030329781474177420e-01 6.943516360283044087e-01
4.211649678073356440e-01 6.438811707298989218e-01
2.840669406120961415e-01 5.944006404166879420e-01
4.774193854897136879e-01 3.331936380023818867e-01
5.646945774746895408e-01 3.657853213900100764e-01
3.981358326146855475e-01 3.818359963298841309e-01
2.771910604848352166e-01 3.871598655217635132e-01
4.474771547424507556e-01 5.853157133787773025e-02
6.543286820794256275e-01 6.056618025273752433e-03
7.712240110066166388e-01 0.000000000000000000e+00
8.893876557747170120e-01 7.260005931500437479e-03
