0.000000000000000000e+00 4.742478173554280918e-01
1.231143353508527549e-01 8.056555763470093501e-01
3.154327731625036768e-01 9.931291224360403458e-01
4.647886503654933832e-01 1.000000000000000000e+00
5.779345246598840413e-01 9.035561966539330525e-01
5.228150305711234402e-01 6.670783097437404940e-01
7.455499975847321714e-01 6.085533094320250136e-01
8.843081593912291982e-01 5.890837672433915095e-01
1.000000000000000000e+00 5.858977007738720433e-01
4.957063048081643553e-01 4.793245549810309369e-01
6.060165519500118059e-01 6.812697394609026347e-01
4.303618345209256346e-01 7.430904764311657695e-01
2.914930157650180709e-01 7.329748092402362802e-01
4.591997035901156932e-01 3.025312496354941039e-01
5.442601246826320738e-01 4.898360001646393513e-01
3.716476168844005112e-01 5.478083592548701475e-01
2.501909089320713542e-01 5.255152789477346431e-01
4.156437750669680353e-01 1.228566215119550609e-01
5.984012640243979719e-01 2.839653469016897858e-02
7.094840542650716619e-01 1.431544551771367878e-02
8.220757873344728406e-01 0.000000000000000000e+00
