0.000000000000000000e+00 1.134448647499084473e-01
5.139800906181335449e-02 1.821714043617248535e-01
1.268380880355834961e-01 2.091051340103149414e-01
1.780620515346527100e-01 2.123838663101196289e-01
2.140814661979675293e-01 1.941581368446350098e-01
1.904009282588958740e-01 1.177005767822265625e-01
2.671164870262145996e-01 9.728181362152099609e-02
3.100385069847106934e-01 9.310483932495117188e-02
3.481416702270507812e-01 8.934998512268066406e-02
1.785601973533630371e-01 8.411163091659545898e-02
2.213554382324218750e-01 1.284436583518981934e-01
1.649641692638397217e-01 1.551705598831176758e-01
1.214461922645568848e-01 1.593955755233764648e-01
1.629287302494049072e-01 5.443245172500610352e-02
1.997918784618377686e-01 1.003896594047546387e-01
1.399237811565399170e-01 1.257212162017822266e-01
9.794238209724426270e-02 1.268923282623291016e-01
1.448272466659545898e-01 2.533966302871704102e-02
2.082263827323913574e-01 9.032666683197021484e-03
2.473553419113159180e-01 4.979491233825683594e-03
2.857013344764709473e-01 0.000000000000000000e+00
