1.793979406356811523e-01 4.150117635726928711e-01
2.021108269691467285e-01 3.211965560913085938e-01
1.936856508255004883e-01 2.439002394676208496e-01
1.652406454086303711e-01 1.994969844818115234e-01
1.350221633911132812e-01 1.823182702064514160e-01
1.949865818023681641e-01 2.013062834739685059e-01
1.813423037528991699e-01 1.007527709007263184e-01
1.723209619522094727e-01 4.242151975631713867e-02
1.646350622177124023e-01 0.000000000000000000e+00
1.573827266693115234e-01 2.118343114852905273e-01
1.256644725799560547e-01 1.407146453857421875e-01
1.278119683265686035e-01 1.742611527442932129e-01
1.389421820640563965e-01 2.033788561820983887e-01
1.218578815460205078e-01 2.367994785308837891e-01
9.110933542251586914e-02 1.699229478836059570e-01
9.609150886535644531e-02 1.970701217651367188e-01
1.075149178504943848e-01 2.218002676963806152e-01
8.839422464370727539e-02 2.682259678840637207e-01
4.823982715606689453e-02 2.086120843887329102e-01
2.192062139511108398e-02 1.757393479347229004e-01
0.000000000000000000e+00 1.470428705215454102e-01
