0.000000000000000000e+00 4.990572033571896160e-01
2.345125476164839629e-01 8.471951009279740097e-01
3.976291974530819506e-01 8.998992739322525525e-01
5.047701058693773168e-01 9.831683189190670857e-01
6.017537707599139862e-01 1.000000000000000000e+00
5.676566942446985564e-01 8.821907198062219069e-02
7.939062904685549871e-01 2.590602781700128143e-01
9.057764724370036546e-01 2.859742964460126324e-01
1.000000000000000000e+00 2.479228390641995405e-01
5.299681926252287623e-01 0.000000000000000000e+00
7.010645139699270834e-01 5.707716985535243870e-01
5.426256653212312431e-01 7.872609012736958567e-01
4.323714063923220219e-01 8.017397667196596300e-01
4.866779335973762666e-01 3.257355508528794741e-02
6.485519714461152052e-01 5.760728315474498151e-01
4.937441979914501400e-01 7.792845513846469174e-01
3.817699800076244654e-01 7.905715146161454987e-01
4.482021594384674179e-01 1.528968515441122833e-01
6.576816774388806186e-01 1.869507279084185736e-01
7.914028783782603993e-01 1.931989551474653233e-01
9.174041340856907700e-01 1.924372254095655654e-01
