0.000000000000000000e+00 5.914157055707814914e-01
1.613881684740059441e-01 3.005953182101656074e-01
3.552073071040103280e-01 1.724293633816866844e-01
4.980929053185708111e-01 2.820049749075085321e-01
5.831502010435872796e-01 5.125181114524468562e-01
4.552450195850075154e-01 0.000000000000000000e+00
7.219599944379160306e-01 1.069297721104733034e-01
8.758762949502221229e-01 1.395217899246921356e-01
1.000000000000000000e+00 1.110120235904327457e-01
4.450196202775522081e-01 1.553871009814527249e-01
6.426712005116270721e-01 6.090117967793873266e-01
5.610702796816491311e-01 7.821502485977571695e-01
4.914317190269386071e-01 7.408883525234117862e-01
4.215218436562395699e-01 4.225745068205693511e-01
6.243105039531974265e-01 8.081404325074760253e-01
5.338993056477107091e-01 9.495562509627746284e-01
4.594947938347632710e-01 9.047622851785928066e-01
3.884793793320966970e-01 7.442318182552325467e-01
6.126297749780819091e-01 8.727121130470709698e-01
7.445411029450211826e-01 9.567871121309696747e-01
8.645616689002884048e-01 1.000000000000000000e+00
