0.000000000000000000e+00 5.466298431488489928e-01
1.630225864138133973e-01 2.449841332125795024e-01
3.613760705300961829e-01 1.130474447838013263e-01
5.159409477309295777e-01 2.292298447735607314e-01
6.037084703619900461e-01 4.453325108024869805e-01
4.485743905722675007e-01 0.000000000000000000e+00
7.236428345116734384e-01 2.711840874744815555e-02
8.784168100590612482e-01 3.213125997136076495e-02
1.000000000000000000e+00 1.091929391995931364e-02
4.622494741512727656e-01 1.805145856037244367e-01
6.662695579354115383e-01 5.061220862579171031e-01
5.757868596600160815e-01 6.484817930122132035e-01
4.979534908736242826e-01 6.326787632201689160e-01
4.543408851220924194e-01 4.274850520363177031e-01
6.396985536186425847e-01 7.401719092751102291e-01
5.464780977670089523e-01 8.535738366263697641e-01
4.684512311290034980e-01 8.358238605662514642e-01
4.386329967188969947e-01 6.974597139177979299e-01
6.630441340587591714e-01 8.411238672866501176e-01
7.909661239992842319e-01 9.377691082720229776e-01
9.003511059458054744e-01 1.000000000000000000e+00
