0.000000000000000000e+00 5.967505790347391592e-01
1.503249978214217519e-01 2.821723246993791401e-01
3.403583035003907020e-01 1.560434624223151767e-01
4.993152533775047641e-01 2.477408006007255081e-01
5.906538285235757302e-01 4.293138325094216223e-01
4.381019872175907492e-01 8.561117898910321211e-02
7.127450723394246346e-01 4.119147682775978897e-02
8.726907956309410963e-01 2.375364523779876363e-02
1.000000000000000000e+00 0.000000000000000000e+00
4.850464515388555609e-01 2.821670573952844152e-01
6.747473026367527549e-01 4.674348924342761613e-01
5.870850339822780706e-01 5.732565065427290829e-01
5.078340256370835748e-01 5.708432384986834585e-01
4.904011488723466483e-01 5.237432159756911787e-01
6.511816395802676460e-01 7.096695693726071674e-01
5.573001499853699192e-01 7.990814243043102838e-01
4.802870551360955975e-01 7.968860119576230971e-01
4.770661246316785786e-01 7.755563800642232275e-01
6.925765743681592257e-01 8.804743354821826795e-01
8.119369792223857241e-01 9.534420884144382269e-01
9.143698311902972442e-01 1.000000000000000000e+00
