0.000000000000000000e+00 1.761044859886169434e-01
5.105981230735778809e-02 8.793160319328308105e-02
1.151263713836669922e-01 5.509564280509948730e-02
1.681252717971801758e-01 8.386260271072387695e-02
2.003890275955200195e-01 1.356969475746154785e-01
1.514046490192413330e-01 2.762442827224731445e-02
2.442494034767150879e-01 1.373529434204101562e-02
3.001107573509216309e-01 7.858872413635253906e-03
3.442380428314208984e-01 0.000000000000000000e+00
1.671558618545532227e-01 8.157390356063842773e-02
2.306705713272094727e-01 1.437482237815856934e-01
1.994209289550781250e-01 1.776949167251586914e-01
1.736803054809570312e-01 1.762220859527587891e-01
1.681756377220153809e-01 1.508007049560546875e-01
2.236067652702331543e-01 2.127567529678344727e-01
1.910954713821411133e-01 2.372663021087646484e-01
1.648872494697570801e-01 2.323229908943176270e-01
1.626966595649719238e-01 2.228120565414428711e-01
2.388527989387512207e-01 2.520541548728942871e-01
2.786229848861694336e-01 2.746933698654174805e-01
3.122591972351074219e-01 2.881209850311279297e-01
