0.000000000000000000e+00 2.779696583747863770e-01
3.690850734710693359e-02 1.856770515441894531e-01
9.253042936325073242e-02 1.298326253890991211e-01
1.453432142734527588e-01 1.353614032268524170e-01
1.833792924880981445e-01 1.694484651088714600e-01
1.187488734722137451e-01 9.535768628120422363e-02
2.031859159469604492e-01 4.951232671737670898e-02
2.529234290122985840e-01 2.370676398277282715e-02
2.924144268035888672e-01 0.000000000000000000e+00
1.348586976528167725e-01 1.359772980213165283e-01
2.201210856437683105e-01 1.754581034183502197e-01
1.954430341720581055e-01 2.160322666168212891e-01
1.665904521942138672e-01 2.190329432487487793e-01
1.421284973621368408e-01 1.963704824447631836e-01
2.116578817367553711e-01 2.414208650588989258e-01
1.829261183738708496e-01 2.725636363029479980e-01
1.549775898456573486e-01 2.716571688652038574e-01
1.460157334804534912e-01 2.633185982704162598e-01
2.195084691047668457e-01 2.821262478828430176e-01
2.589898705482482910e-01 2.962373495101928711e-01
2.922458648681640625e-01 2.983873486518859863e-01
