0.000000000000000000e+00 3.316986560821533203e-01
4.053938388824462891e-02 2.519778609275817871e-01
9.796446561813354492e-02 1.836232244968414307e-01
1.564258933067321777e-01 1.593535244464874268e-01
2.041250467300415039e-01 1.613835394382476807e-01
8.976802229881286621e-02 1.293911039829254150e-01
1.595579981803894043e-01 7.119506597518920898e-02
2.018893361091613770e-01 3.423446416854858398e-02
2.349432110786437988e-01 0.000000000000000000e+00
8.754599094390869141e-02 1.641300916671752930e-01
2.036799192428588867e-01 1.799504756927490234e-01
1.969367861747741699e-01 2.314031720161437988e-01
1.702558398246765137e-01 2.510378360748291016e-01
9.032675623893737793e-02 2.236429452896118164e-01
1.976137161254882812e-01 2.406926751136779785e-01
1.853698492050170898e-01 2.789731025695800781e-01
1.596534252166748047e-01 2.921892404556274414e-01
9.474471211433410645e-02 2.915097475051879883e-01
1.731786727905273438e-01 2.960557937622070312e-01
2.154347896575927734e-01 3.053265810012817383e-01
2.488372325897216797e-01 3.091262578964233398e-01
