0.000000000000000000e+00 1.000000000000000000e+00
2.027661690772712966e-01 7.811828694622289238e-01
4.250716586939606301e-01 5.292150172167140454e-01
6.216164507967379960e-01 3.271821619565128958e-01
7.351220309446695467e-01 1.609436079380064666e-01
2.211569558951246017e-01 4.290259782156468638e-01
5.169519140295134596e-01 2.401376002207061822e-01
7.058341157460655824e-01 1.117795251998851963e-01
8.334298416456332737e-01 0.000000000000000000e+00
1.968370647280063279e-01 5.086687990720847319e-01
9.888671810203530921e-01 4.772321100801765748e-01
1.000000000000000000e+00 5.897469517553780571e-01
8.353263571901202722e-01 6.379211197872439731e-01
2.410876693720880870e-01 6.444239427647158180e-01
9.928128614609438296e-01 6.413220419178595755e-01
9.449977926903756487e-01 7.212098199420201583e-01
7.614892552156721228e-01 7.391257335551272289e-01
3.262647863794443381e-01 7.965007390245765206e-01
9.404219757263106994e-01 8.073194951939299813e-01
9.256162098142949324e-01 8.544849113652561723e-01
7.813886246924369727e-01 8.549912896701941101e-01
