1.558400710986780069e-01 1.000000000000000000e+00
4.014520667506338292e-01 8.094879126555323268e-01
5.796515658536973703e-01 6.186889404541791038e-01
7.943322616345102061e-01 5.010676366822169880e-01
1.000000000000000000e+00 4.630053830932874259e-01
8.589496539048727120e-02 4.505020201652428224e-01
2.674426834876039161e-01 2.630610883405602451e-01
3.524629776415094673e-01 1.206185775866282506e-01
4.002272457746488543e-01 0.000000000000000000e+00
0.000000000000000000e+00 5.184992564369523826e-01
8.675130884285120469e-01 4.177236189540078914e-01
9.476237863702221542e-01 5.403244646480644953e-01
7.926007313301518531e-01 6.179919165055979269e-01
4.366559434285519070e-02 6.343160190412209243e-01
8.976522155291175586e-01 5.948351375439341338e-01
8.577398326499866554e-01 6.908463613295646732e-01
6.550640699024502522e-01 7.261861838803012059e-01
1.532259009559041041e-01 7.648433870773743148e-01
8.181841618882398359e-01 7.458778187853903896e-01
7.887622089526772351e-01 8.136642478141145052e-01
6.064710671785946694e-01 8.363586108879390579e-01
