4.189266708344859258e-01 1.000000000000000000e+00
7.720283979506352701e-01 8.338782709727593501e-01
9.054221133706480407e-01 6.840137161918191655e-01
9.992910890139552471e-01 5.629199680218773816e-01
1.000000000000000000e+00 5.059400132450198040e-01
1.127139839401780780e-01 4.506422228342401581e-01
1.556573136460533691e-01 2.578118678456228774e-01
1.209002775882139641e-01 1.142664390673873015e-01
6.066789363257655415e-02 0.000000000000000000e+00
0.000000000000000000e+00 4.980581890731598516e-01
6.396789037609499351e-01 3.491583321983486865e-01
8.151535180557588633e-01 4.883569984603249869e-01
7.370784779849322010e-01 5.834710987175621977e-01
2.558270443278711642e-02 5.816408899662783849e-01
6.545338275073924184e-01 4.444230870266068223e-01
7.588324905248911012e-01 5.663548386988825900e-01
6.442955926205981010e-01 6.451799070573066563e-01
1.429380692356608251e-01 6.803514247096921208e-01
6.039703309479904636e-01 5.881274025003572214e-01
6.832681619523429672e-01 6.670537996106807865e-01
6.000811615404517685e-01 7.265767446498719861e-01
