9.724660155734459188e-01 1.000000000000000000e+00
1.000000000000000000e+00 7.515424394528494867e-01
9.056148541639170713e-01 5.737246223965035696e-01
7.615695525933746657e-01 4.943828219257001555e-01
6.128912608332233170e-01 4.921216910474592865e-01
9.089066143152523258e-01 4.715108450060647716e-01
7.535103493027143218e-01 2.327651184031778175e-01
6.667362302582376943e-01 9.755956615716937508e-02
6.010802978311556855e-01 0.000000000000000000e+00
7.416375214464827614e-01 5.219725249909151765e-01
5.261405129558752725e-01 3.660035440586792421e-01
5.547968633144164663e-01 4.483883329641146775e-01
6.299827328318156061e-01 5.105938835212873173e-01
5.919418965289692247e-01 6.115524887602469262e-01
3.962870089305353671e-01 4.632821026211539350e-01
4.343718380185649375e-01 5.308277520369012459e-01
5.058463661959439195e-01 5.833462871935800598e-01
4.543918547358233306e-01 7.173928575021281118e-01
2.485853570014517622e-01 6.080520461016932776e-01
1.137535194228146557e-01 5.633631006555693821e-01
0.000000000000000000e+00 5.213831947178502180e-01
