7.742288266995033252e-01 1.000000000000000000e+00
9.312017342773161177e-01 7.779298520617667911e-01
9.656487150346445558e-01 6.032805335117178425e-01
1.000000000000000000e+00 4.676140016318633963e-01
9.947286444731502364e-01 3.956983038494115146e-01
2.877071072590784429e-01 4.351754475005366607e-01
2.067743455486091564e-01 2.496982550377264409e-01
1.024411322618279940e-01 1.090314374985786317e-01
0.000000000000000000e+00 0.000000000000000000e+00
1.862652547179373397e-01 5.044236976293606789e-01
5.774513218419310423e-01 2.995270119982449963e-01
8.086938683527815641e-01 4.107202386003914740e-01
8.248605267527695517e-01 5.189945403020889136e-01
2.115267872739153288e-01 5.913256920859063515e-01
6.142626625750201574e-01 4.013234345454717023e-01
7.901264586195221318e-01 5.169652499629752151e-01
7.766338910825539843e-01 6.212211851588071987e-01
3.199237021494083510e-01 6.819578977029110423e-01
6.546128606518312187e-01 5.483766786643570201e-01
7.803733052410024573e-01 6.318023659245626256e-01
7.582948034219736400e-01 7.194620508562290517e-01
