9.173015346728888852e-01 1.000000000000000000e+00
9.812560589345815654e-01 7.613224225698660419e-01
9.922618666265115017e-01 5.584228505928361397e-01
1.000000000000000000e+00 4.108154985683929450e-01
9.301685722449472005e-01 3.729237853760977717e-01
4.067830137988216466e-01 4.462830247260244354e-01
2.493486864533797087e-01 2.379123406337962932e-01
1.183992394210359178e-01 1.032355757739596841e-01
0.000000000000000000e+00 0.000000000000000000e+00
3.175786615138345703e-01 5.464916764928167137e-01
5.314250894723132612e-01 3.318929713381059687e-01
7.708636621054063554e-01 4.153966696860457719e-01
8.550499422223739598e-01 5.087541352753023327e-01
3.390213859054392320e-01 6.688050020620324165e-01
5.914799162540083088e-01 4.823377710092057735e-01
8.052945443049872587e-01 5.731517549055658023e-01
8.639698162760344191e-01 6.598735618979125750e-01
4.375024259120611214e-01 7.857288569080503882e-01
4.134539796882767404e-01 6.791864844561764647e-01
3.611400921542613496e-01 6.554985228388768848e-01
2.720664468420119775e-01 6.497521646357391489e-01
