2.547960281372070312e-01 4.803675115108489990e-01
2.911181449890136719e-01 3.938818871974945068e-01
2.870401144027709961e-01 2.905095517635345459e-01
2.807483077049255371e-01 2.162300050258636475e-01
2.437898516654968262e-01 1.960964500904083252e-01
1.803927421569824219e-01 2.102666795253753662e-01
1.314156055450439453e-01 1.097046434879302979e-01
1.009079813957214355e-01 4.827186465263366699e-02
7.252079248428344727e-02 0.000000000000000000e+00
1.577329635620117188e-01 2.416239678859710693e-01
1.648814082145690918e-01 1.510188877582550049e-01
2.211977243423461914e-01 2.157655060291290283e-01
2.502053976058959961e-01 2.744869887828826904e-01
1.397234797477722168e-01 2.815240323543548584e-01
1.472524404525756836e-01 2.066389024257659912e-01
2.021830677986145020e-01 2.699020206928253174e-01
2.278348803520202637e-01 3.236710131168365479e-01
1.246162056922912598e-01 3.274453580379486084e-01
6.390696763992309570e-02 2.734556496143341064e-01
3.255182504653930664e-02 2.379499375820159912e-01
0.000000000000000000e+00 1.991936862468719482e-01
