8.126917784882975448e-01 1.000000000000000000e+00
9.697293227424731432e-01 8.380285141176406771e-01
1.000000000000000000e+00 6.291459886811545665e-01
9.761649520024995308e-01 4.765024212994191655e-01
8.279020563705329350e-01 4.329940461943531105e-01
6.483297277262557445e-01 4.410091824413245321e-01
5.044868968559397260e-01 2.282675217091138520e-01
4.128171692169918527e-01 9.973367804901925315e-02
3.231810912776737488e-01 0.000000000000000000e+00
5.520046198334789267e-01 4.978597239433146249e-01
5.782535225086959940e-01 3.361465029054351850e-01
7.482675104764244800e-01 4.782706103651276353e-01
8.294035438263670512e-01 6.002926804527325411e-01
4.690893768567213629e-01 5.688741030114367048e-01
4.783718662451775239e-01 4.182512555756152106e-01
6.500282815129954095e-01 5.531676517164090257e-01
7.319116286388932524e-01 6.669358871267359046e-01
3.943079011749768270e-01 6.532533478814450678e-01
1.997564526231129234e-01 5.243773579819708264e-01
1.015432081442442375e-01 4.416350712427327130e-01
0.000000000000000000e+00 3.537722952934852505e-01
