1.798264384269714355e-01 5.249294638633728027e-01
2.382927536964416504e-01 4.594099521636962891e-01
2.667416334152221680e-01 3.482038378715515137e-01
2.677648663520812988e-01 2.630019783973693848e-01
2.247286438941955566e-01 2.278792858123779297e-01
1.980485320091247559e-01 2.290358543395996094e-01
1.757470965385437012e-01 1.178567707538604736e-01
1.572062969207763672e-01 5.532455444335937500e-02
1.400660276412963867e-01 0.000000000000000000e+00
1.624423861503601074e-01 2.423822879791259766e-01
1.757804155349731445e-01 1.660511493682861328e-01
2.047510147094726562e-01 2.451655864715576172e-01
2.199972867965698242e-01 3.094331026077270508e-01
1.253710985183715820e-01 2.641142010688781738e-01
1.347897648811340332e-01 1.918484568595886230e-01
1.662755012512207031e-01 2.752428054809570312e-01
1.810391545295715332e-01 3.417071104049682617e-01
8.719068765640258789e-02 2.916712760925292969e-01
4.670870304107666016e-02 2.048696577548980713e-01
2.302920818328857422e-02 1.533781290054321289e-01
0.000000000000000000e+00 9.872725605964660645e-02
