5.168843269348144531e-02 4.719960391521453857e-01
1.265386939048767090e-01 4.386139214038848877e-01
1.820809245109558105e-01 3.547407090663909912e-01
2.025733590126037598e-01 2.669843733310699463e-01
1.716010570526123047e-01 2.099068760871887207e-01
1.570953726768493652e-01 2.314337193965911865e-01
1.735179424285888672e-01 1.272654235363006592e-01
1.802433729171752930e-01 6.345927715301513672e-02
1.853843331336975098e-01 1.102223992347717285e-02
1.167351603507995605e-01 2.222785353660583496e-01
1.436029076576232910e-01 1.531008183956146240e-01
1.406000852584838867e-01 2.322148382663726807e-01
1.337852478027343750e-01 2.941205203533172607e-01
7.381761074066162109e-02 2.184059023857116699e-01
9.712016582489013672e-02 1.468831896781921387e-01
1.002900004386901855e-01 2.287997305393218994e-01
9.610497951507568359e-02 2.978552877902984619e-01
2.675884962081909180e-02 2.193785011768341064e-01
9.652078151702880859e-03 1.199334859848022461e-01
2.985060214996337891e-03 5.795234441757202148e-02
0.000000000000000000e+00 0.000000000000000000e+00
