0.000000000000000000e+00 4.506552815437316895e-01
7.917141914367675781e-02 4.513269066810607910e-01
1.528489589691162109e-01 3.923807740211486816e-01
1.899061203002929688e-01 3.111009001731872559e-01
1.695448160171508789e-01 2.437898218631744385e-01
1.660683155059814453e-01 2.869256734848022461e-01
2.167512178421020508e-01 2.024714648723602295e-01
2.428825497627258301e-01 1.454752683639526367e-01
2.637804746627807617e-01 9.443628787994384766e-02
1.321520209312438965e-01 2.583338618278503418e-01
1.683344841003417969e-01 1.884419918060302734e-01
1.418470740318298340e-01 2.556536197662353516e-01
1.183174252510070801e-01 3.131359219551086426e-01
9.356975555419921875e-02 2.354316711425781250e-01
1.285110116004943848e-01 1.677196323871612549e-01
1.093207597732543945e-01 2.434601187705993652e-01
8.870065212249755859e-02 3.082451820373535156e-01
5.040788650512695312e-02 2.158110737800598145e-01
5.379742383956909180e-02 1.141027510166168213e-01
6.099337339401245117e-02 5.296164751052856445e-02
7.208561897277832031e-02 0.000000000000000000e+00
