0.000000000000000000e+00 9.179430884691424097e-01
2.137929410534382402e-01 1.000000000000000000e+00
4.681844601645433479e-01 9.371375976558605769e-01
6.181562121198742599e-01 7.627868429397638428e-01
6.583574303092256663e-01 5.895181666116696695e-01
6.237183845685165817e-01 7.766011811499817785e-01
8.047299156229260619e-01 6.394191334936210058e-01
9.166661039566135205e-01 5.368877290505937872e-01
1.000000000000000000e+00 4.526553278824135829e-01
5.361835549804947476e-01 6.572001130767718413e-01
6.633620869513425777e-01 5.437955977150432663e-01
5.274032004523842021e-01 6.495729574983422072e-01
4.317064779700745536e-01 7.378348204682388944e-01
4.370984522703272868e-01 5.510843064845023509e-01
5.568436710095763242e-01 4.308148754018356064e-01
4.339074534149661155e-01 5.714600216177827541e-01
3.292600051146015172e-01 6.883604448721705182e-01
3.247093256292267194e-01 4.472964934658009706e-01
4.188758230500235213e-01 2.363869075230821404e-01
4.793060347969508306e-01 1.105219810988860019e-01
5.485740840681894159e-01 0.000000000000000000e+00
