0.000000000000000000e+00 3.139070868492126465e-01
6.868731975555419922e-02 3.692170977592468262e-01
1.539541482925415039e-01 3.724750280380249023e-01
2.235124707221984863e-01 3.201981782913208008e-01
2.454980015754699707e-01 2.428943514823913574e-01
2.234530448913574219e-01 3.239936232566833496e-01
3.032056093215942383e-01 2.994886636734008789e-01
3.547312617301940918e-01 2.774225473403930664e-01
3.923771381378173828e-01 2.570854425430297852e-01
2.065843343734741211e-01 2.629383206367492676e-01
2.648454308509826660e-01 2.347562909126281738e-01
2.066307067871093750e-01 2.676785588264465332e-01
1.745316982269287109e-01 2.932010293006896973e-01
1.839627027511596680e-01 2.087061703205108643e-01
2.385238409042358398e-01 1.777928471565246582e-01
1.802517175674438477e-01 2.246474027633666992e-01
1.335713863372802734e-01 2.581672072410583496e-01
1.547441482543945312e-01 1.535286605358123779e-01
2.016617655754089355e-01 7.838484644889831543e-02
2.374763488769531250e-01 3.563523292541503906e-02
2.764977812767028809e-01 0.000000000000000000e+00
