0.000000000000000000e+00 6.778991182693201445e-01
1.401785833660750824e-01 9.079166860411047590e-01
3.487408964861044014e-01 1.000000000000000000e+00
5.360543581522713152e-01 8.874552813749650992e-01
6.377155848523615722e-01 7.047468221077838324e-01
5.611481568562969313e-01 9.516750049404817391e-01
7.706466657315050872e-01 9.576624328675718001e-01
9.047145662944265920e-01 9.423473027875941543e-01
1.000000000000000000e+00 9.177464283223286667e-01
5.422837459087602729e-01 7.405605921022040405e-01
6.813555736333769541e-01 6.895263240491025236e-01
5.307964747805158368e-01 7.160750560889984628e-01
4.458496737312734326e-01 7.582867499186273230e-01
5.047168414111425916e-01 5.519135648191202392e-01
6.374328203462210629e-01 4.972130778910536786e-01
4.763919337657384623e-01 5.638620835464521752e-01
3.508982685253779210e-01 6.115954922463499033e-01
4.522802763557682848e-01 3.553018271063889122e-01
6.063879663462962144e-01 1.942069763961219997e-01
7.156206041956549857e-01 8.659783534246257020e-02
8.290763905155111857e-01 0.000000000000000000e+00
