1.000000000000000000e+00 1.000000000000000000e+00
9.677861634493789555e-01 7.376787980147687662e-01
8.404309991396184953e-01 5.416138497231347548e-01
6.756248736856085291e-01 4.602707321955658570e-01
5.341663827600343639e-01 4.766336565754203392e-01
8.157543351099151296e-01 4.474533420424465779e-01
6.010176753532472382e-01 2.265994820789259401e-01
4.763085593518844862e-01 9.754908646027982133e-02
3.744511747960203030e-01 0.000000000000000000e+00
6.982846649997979105e-01 5.366667224943155734e-01
4.309337737254517187e-01 4.159065732271332028e-01
4.773952961964210706e-01 5.028820624966603425e-01
5.578937400031181992e-01 5.457249977868324775e-01
5.930615143868482875e-01 6.619546535934264231e-01
3.440867541676531083e-01 5.406979572663274114e-01
3.912555217433984489e-01 6.068275619507456087e-01
4.752834928022450778e-01 6.485298586204668592e-01
4.940624440607694901e-01 7.980304005474300189e-01
2.585634516887151402e-01 7.183964066135027915e-01
1.161882214356244059e-01 6.879622030866309190e-01
0.000000000000000000e+00 6.523893037414892904e-01
