0.000000000000000000e+00 1.826547384262084961e-01
3.893655538558959961e-02 2.630687952041625977e-01
1.041921377182006836e-01 3.048612475395202637e-01
1.677060127258300781e-01 2.704725861549377441e-01
2.110554575920104980e-01 2.207201123237609863e-01
2.099800109863281250e-01 3.022772073745727539e-01
2.989699840545654297e-01 3.208878040313720703e-01
3.570342659950256348e-01 3.316417932510375977e-01
4.042220115661621094e-01 3.387880325317382812e-01
2.081896066665649414e-01 2.290500998497009277e-01
2.621946334838867188e-01 2.294429540634155273e-01
1.933599114418029785e-01 2.212972640991210938e-01
1.402556896209716797e-01 2.207040190696716309e-01
1.956135630607604980e-01 1.595326662063598633e-01
2.380899190902709961e-01 1.521653532981872559e-01
1.727911233901977539e-01 1.637778878211975098e-01
1.218934655189514160e-01 1.759374737739562988e-01
1.773284077644348145e-01 9.458139538764953613e-02
2.465801239013671875e-01 5.261528491973876953e-02
2.887445092201232910e-01 2.355462312698364258e-02
3.331325650215148926e-01 0.000000000000000000e+00
