0.000000000000000000e+00 5.062999659016638176e-01
8.384147722871887476e-02 6.884387371624507423e-01
2.092838714674502554e-01 8.091852365246910983e-01
3.158891921157520044e-01 6.994926455128523957e-01
3.764935480842933613e-01 5.584899113465493503e-01
5.455236687650132366e-01 8.327343582498223373e-01
7.350830706909189383e-01 9.083641862381308663e-01
8.785305406977051979e-01 9.663030474248492929e-01
1.000000000000000000e+00 1.000000000000000000e+00
5.612724676600600038e-01 6.422249308862076900e-01
6.347350028801898025e-01 6.488313075048133260e-01
4.348821498851087042e-01 6.337241363823762352e-01
3.233298105366899100e-01 6.269853980415652783e-01
5.312432622453374664e-01 4.588701511495274499e-01
5.540833635828773529e-01 4.230619327612826774e-01
3.717173402811249638e-01 4.535660478694394371e-01
2.679460442743896720e-01 4.792876508514171685e-01
4.799480146695612737e-01 2.836447230545883769e-01
6.687757851359639183e-01 1.672154688017269686e-01
7.780868940167113834e-01 7.738773395175259362e-02
9.098096236466570730e-01 0.000000000000000000e+00
