0.000000000000000000e+00 4.686650261367701908e-01
7.212772023187304093e-02 6.405094842173446601e-01
1.967359480141006312e-01 7.714131164377767691e-01
2.897575831625057163e-01 6.303843081791474789e-01
3.055203341433503916e-01 4.676305723525553959e-01
6.748154835439830190e-01 7.807138332293845906e-01
7.718937655837779799e-01 8.644908883761591722e-01
8.869363254186973800e-01 9.389402434119107355e-01
1.000000000000000000e+00 1.000000000000000000e+00
7.549232293886860568e-01 5.911751682997167245e-01
6.441500024888792142e-01 6.205605623827081807e-01
4.338259051601254246e-01 6.020318299709740417e-01
3.872569383165220813e-01 5.829814666538600809e-01
6.938214704298520941e-01 4.101249243802959077e-01
5.667107877076517086e-01 4.003678679276964636e-01
3.461877157971427477e-01 4.280800165870519147e-01
2.875825289728168865e-01 4.347489509710290023e-01
5.765022648801039207e-01 2.486812077398226350e-01
7.065396433209794047e-01 1.656608739212089842e-01
7.880420665843074213e-01 8.843006993153647299e-02
9.383081504007095841e-01 0.000000000000000000e+00
