0.000000000000000000e+00 1.543223261833190918e-01
2.569913864135742188e-03 2.314654588699340820e-01
6.341099739074707031e-03 2.997309565544128418e-01
1.233023405075073242e-02 2.777953147888183594e-01
1.088374853134155273e-02 2.113658785820007324e-01
1.511985063552856445e-01 2.944013476371765137e-01
1.286024451255798340e-01 3.375787734985351562e-01
1.287432312965393066e-01 3.750537633895874023e-01
1.360161900520324707e-01 4.095361828804016113e-01
1.731735467910766602e-01 2.201554775238037109e-01
1.030407547950744629e-01 2.579306364059448242e-01
4.830193519592285156e-02 2.409614920616149902e-01
4.255819320678710938e-02 2.210238575935363770e-01
1.567085981369018555e-01 1.464796662330627441e-01
9.220880270004272461e-02 1.673738360404968262e-01
4.785120487213134766e-02 1.673870682716369629e-01
5.088895559310913086e-02 1.594484448432922363e-01
1.246233582496643066e-01 8.231270313262939453e-02
1.107607483863830566e-01 5.352753400802612305e-02
1.041435003280639648e-01 2.853351831436157227e-02
1.188876628875732422e-01 0.000000000000000000e+00
