8.734828233718872070e-02 2.244872450828552246e-01
7.454621791839599609e-02 1.534064412117004395e-01
6.204831600189208984e-02 9.095084667205810547e-02
3.870719671249389648e-02 4.507553577423095703e-02
2.230590581893920898e-02 0.000000000000000000e+00
1.281995177268981934e-01 1.326265931129455566e-01
5.697774887084960938e-02 1.387721896171569824e-01
1.670068502426147461e-02 1.361261010169982910e-01
2.817451953887939453e-03 1.360261440277099609e-01
1.346918344497680664e-01 1.904109716415405273e-01
3.322333097457885742e-02 2.110195755958557129e-01
0.000000000000000000e+00 1.950619220733642578e-01
8.259534835815429688e-03 1.859191656112670898e-01
1.269012689590454102e-01 2.420140504837036133e-01
3.219854831695556641e-02 2.543879151344299316e-01
9.517073631286621094e-03 2.377604842185974121e-01
2.497106790542602539e-02 2.269704341888427734e-01
1.130701303482055664e-01 2.865042686462402344e-01
3.800451755523681641e-02 2.905855774879455566e-01
1.600015163421630859e-02 2.684978842735290527e-01
2.187389135360717773e-02 2.538651823997497559e-01
