2.186077833175659180e-02 2.263751924037933350e-01
2.025556564331054688e-02 1.582857668399810791e-01
2.727669477462768555e-02 1.000438630580902100e-01
2.421110868453979492e-02 5.327507853507995605e-02
1.665639877319335938e-02 0.000000000000000000e+00
1.137314438819885254e-01 1.334469616413116455e-01
3.314566612243652344e-02 1.573496758937835693e-01
0.000000000000000000e+00 1.659983098506927490e-01
2.296566963195800781e-04 1.712910830974578857e-01
1.281965374946594238e-01 1.974005401134490967e-01
3.724378347396850586e-02 2.352201640605926514e-01
3.048419952392578125e-03 2.232867777347564697e-01
1.531505584716796875e-02 2.213010489940643311e-01
1.279710531234741211e-01 2.593220770359039307e-01
4.499793052673339844e-02 2.970668971538543701e-01
1.593744754791259766e-02 2.792327702045440674e-01
2.221620082855224609e-02 2.724037468433380127e-01
1.191327571868896484e-01 3.077998459339141846e-01
7.969933748245239258e-02 3.433328568935394287e-01
5.541020631790161133e-02 3.634191453456878662e-01
4.691994190216064453e-02 3.926397264003753662e-01
