0.000000000000000000e+00 2.717720270156860352e-01
3.316062688827514648e-02 3.355385661125183105e-01
7.507258653640747070e-02 3.782071471214294434e-01
1.131129264831542969e-01 3.493229150772094727e-01
1.397023797035217285e-01 2.953848242759704590e-01
2.101642489433288574e-01 3.688103556632995605e-01
2.972343564033508301e-01 3.978902101516723633e-01
3.644018769264221191e-01 4.187469482421875000e-01
4.138962626457214355e-01 4.242497682571411133e-01
2.029349207878112793e-01 2.873095870018005371e-01
2.408046722412109375e-01 3.037678599357604980e-01
1.621263623237609863e-01 3.082525730133056641e-01
1.238695383071899414e-01 2.982798218727111816e-01
1.820337772369384766e-01 2.153940796852111816e-01
1.977869272232055664e-01 2.140139341354370117e-01
1.305378079414367676e-01 2.421651482582092285e-01
9.456259012222290039e-02 2.497816085815429688e-01
1.537304520606994629e-01 1.486052870750427246e-01
2.092725634574890137e-01 7.939052581787109375e-02
2.363814711570739746e-01 3.911715745925903320e-02
2.774046659469604492e-01 0.000000000000000000e+00
