0.000000000000000000e+00 7.117539474153420365e-01
1.403219499704141116e-01 9.109359845511966203e-01
3.332518711784877574e-01 1.000000000000000000e+00
4.886887274832836803e-01 9.692227055773816602e-01
5.449867180642400388e-01 8.098820232895015403e-01
5.315195099698143411e-01 7.359343059619954941e-01
7.514599748317987160e-01 7.085564357752496267e-01
8.869166877170642227e-01 6.975858514045374381e-01
1.000000000000000000e+00 6.850630940719939499e-01
4.954655136816049632e-01 5.968957183285555912e-01
6.255871042381082603e-01 6.301298569456487142e-01
4.714498937099105280e-01 7.312469460117523301e-01
3.417043266929421508e-01 7.834884970860013231e-01
4.422039708547153558e-01 4.692202961191981325e-01
5.714865733067118203e-01 4.922123098897335791e-01
4.223489763739565750e-01 6.119357169407076968e-01
3.008749179611219238e-01 6.755815548587045249e-01
3.766912408430770909e-01 3.528236279822265509e-01
5.150015802216232341e-01 1.819622820203339042e-01
6.034152684012193957e-01 8.947402491636770316e-02
6.991523322110299032e-01 0.000000000000000000e+00
