0.000000000000000000e+00 2.050387263298034668e-01
8.804392814636230469e-02 2.174272537231445312e-01
1.634027361869812012e-01 1.590847969055175781e-01
2.133116126060485840e-01 9.965336322784423828e-02
2.492218017578125000e-01 4.998034238815307617e-02
1.525968313217163086e-01 2.716523408889770508e-02
2.313256263732910156e-01 1.475510001182556152e-02
2.635623216629028320e-01 1.281130313873291016e-02
2.816065549850463867e-01 0.000000000000000000e+00
1.407440900802612305e-01 1.387211680412292480e-02
2.261756062507629395e-01 7.052797079086303711e-02
1.950458884239196777e-01 1.403895020484924316e-01
1.574564576148986816e-01 1.655020713806152344e-01
1.366780996322631836e-01 2.105861902236938477e-02
2.177587151527404785e-01 7.460409402847290039e-02
1.888445019721984863e-01 1.397712826728820801e-01
1.514898538589477539e-01 1.640819907188415527e-01
1.328961849212646484e-01 4.130843281745910645e-02
2.036769390106201172e-01 3.429657220840454102e-02
2.313134670257568359e-01 4.159498214721679688e-02
2.453677654266357422e-01 3.770405054092407227e-02
