4.955304561121789270e-02 1.000000000000000000e+00
0.000000000000000000e+00 7.079063627605191034e-01
8.575487637025794307e-02 4.760142367700865296e-01
2.103026924192044345e-01 3.563837320773377559e-01
3.103912018575337162e-01 3.191726455799838713e-01
2.997386196352574972e-01 3.921391979070077971e-01
4.714865395189584696e-01 1.899208199964575183e-01
5.765819988989232536e-01 8.053515184670866078e-02
6.643480361453064642e-01 0.000000000000000000e+00
4.268777146018133406e-01 5.216438425355074404e-01
5.060852045079718975e-01 3.628084346276089223e-01
4.222500301108887966e-01 3.783639727400458508e-01
3.588579604987638394e-01 4.331609991130174198e-01
5.009813557286380004e-01 6.748760732779347515e-01
5.911994435626745092e-01 5.159799860690154061e-01
5.025200072725127809e-01 4.836800323804953949e-01
4.229327419217606687e-01 5.058059306679262290e-01
5.336165442695515182e-01 8.266510452163176037e-01
7.484470473776666521e-01 7.760041008013558450e-01
8.845530247864676898e-01 7.285048354031300466e-01
1.000000000000000000e+00 6.938020086964563626e-01
