1.255596876144409180e-01 4.017480909824371338e-01
6.458294391632080078e-02 3.397977650165557861e-01
4.047095775604248047e-02 2.786608040332794189e-01
1.537519693374633789e-02 2.341978251934051514e-01
0.000000000000000000e+00 1.929166018962860107e-01
1.382226347923278809e-01 1.768927276134490967e-01
1.273723244667053223e-01 1.013289391994476318e-01
1.215252280235290527e-01 4.712620377540588379e-02
1.212419271469116211e-01 0.000000000000000000e+00
1.464309096336364746e-01 1.811604797840118408e-01
5.872595310211181641e-02 1.165981590747833252e-01
3.414171934127807617e-02 1.714482605457305908e-01
4.930293560028076172e-02 2.080906927585601807e-01
1.371383666992187500e-01 1.994645893573760986e-01
4.959070682525634766e-02 1.532697975635528564e-01
3.356266021728515625e-02 2.067500650882720947e-01
5.367356538772583008e-02 2.334336340427398682e-01
1.170920729637145996e-01 2.227165400981903076e-01
4.713666439056396484e-02 2.024690210819244385e-01
3.863584995269775391e-02 2.442462742328643799e-01
5.748796463012695312e-02 2.665283977985382080e-01
