1.308391094207763672e-01 4.052662849426269531e-01
6.683236360549926758e-02 3.466865420341491699e-01
4.086005687713623047e-02 2.825199961662292480e-01
1.663708686828613281e-02 2.372316122055053711e-01
0.000000000000000000e+00 1.986522078514099121e-01
1.355957388877868652e-01 1.790956258773803711e-01
1.201343536376953125e-01 1.023374795913696289e-01
1.124521493911743164e-01 4.813966155052185059e-02
1.102580428123474121e-01 0.000000000000000000e+00
1.434060931205749512e-01 1.854275465011596680e-01
5.313628911972045898e-02 1.243358850479125977e-01
2.884286642074584961e-02 1.803542971611022949e-01
4.339671134948730469e-02 2.151457071304321289e-01
1.344539523124694824e-01 2.064605951309204102e-01
4.404938220977783203e-02 1.694666147232055664e-01
3.080022335052490234e-02 2.230596542358398438e-01
5.166733264923095703e-02 2.454729080200195312e-01
1.150431036949157715e-01 2.338517308235168457e-01
4.450875520706176758e-02 2.239418029785156250e-01
3.861302137374877930e-02 2.653840780258178711e-01
5.951005220413208008e-02 2.823161482810974121e-01
