2.924815416336059570e-01 2.358664870262145996e-01
2.651619911193847656e-01 1.357670426368713379e-01
2.043149471282958984e-01 6.484913825988769531e-02
1.402285695075988770e-01 5.179727077484130859e-02
9.820157289505004883e-02 7.230091094970703125e-02
1.810246706008911133e-01 2.409839630126953125e-02
9.402787685394287109e-02 4.374146461486816406e-03
4.250824451446533203e-02 1.299262046813964844e-03
0.000000000000000000e+00 0.000000000000000000e+00
1.635563969612121582e-01 8.225244283676147461e-02
7.546198368072509766e-02 8.146655559539794922e-02
9.275209903717041016e-02 1.036150455474853516e-01
1.224157214164733887e-01 1.111211776733398438e-01
1.526510119438171387e-01 1.468863487243652344e-01
8.577752113342285156e-02 1.429280638694763184e-01
1.032989025115966797e-01 1.590270996093750000e-01
1.279743313789367676e-01 1.645846962928771973e-01
1.455335617065429688e-01 2.111666202545166016e-01
9.865248203277587891e-02 1.945665478706359863e-01
1.176608800888061523e-01 2.074685096740722656e-01
1.392018198966979980e-01 2.155925631523132324e-01
