0.000000000000000000e+00 1.284865140914916992e-01
5.622491240501403809e-02 3.601759672164916992e-02
1.342913806438446045e-01 9.392559528350830078e-03
1.918233036994934082e-01 3.707361221313476562e-02
2.217078208923339844e-01 8.355093002319335938e-02
1.726801097393035889e-01 0.000000000000000000e+00
2.667281925678253174e-01 3.345048427581787109e-02
3.213045299053192139e-01 6.401240825653076172e-02
3.599613010883331299e-01 8.932769298553466797e-02
1.746096312999725342e-01 7.360452413558959961e-02
2.412109076976776123e-01 1.171991229057312012e-01
2.178911864757537842e-01 1.223582029342651367e-01
1.872714161872863770e-01 1.153342127799987793e-01
1.655378043651580811e-01 1.467973589897155762e-01
2.141457200050354004e-01 1.682627797126770020e-01
1.921263635158538818e-01 1.674039959907531738e-01
1.646309494972229004e-01 1.593464612960815430e-01
1.494736075401306152e-01 2.099715471267700195e-01
1.837349236011505127e-01 2.168808579444885254e-01
1.648547947406768799e-01 2.155222892761230469e-01
1.419187188148498535e-01 2.114295363426208496e-01
