0.000000000000000000e+00 8.218364281292276363e-01
1.329281886609597063e-01 4.353112079218773856e-01
3.510687271656757757e-01 2.071219502630061715e-01
5.610368954343598613e-01 2.117686622990392620e-01
7.077362962855343609e-01 3.498283853886433037e-01
4.260511321224069170e-01 6.883519528227258211e-02
6.964519060901062097e-01 0.000000000000000000e+00
8.694374680497576335e-01 1.926853443118175385e-02
1.000000000000000000e+00 5.650270955829067576e-02
4.409570697708076192e-01 2.954579092678032426e-01
7.647370652799621027e-01 4.493104053960353950e-01
7.175585074187892376e-01 5.599743957165862485e-01
6.170263394328552309e-01 5.724129556540095143e-01
4.303063525906041242e-01 5.786174702812064696e-01
6.810803063199942775e-01 7.411345050557119896e-01
6.059660258503944963e-01 7.901738660306308892e-01
5.076589777468454301e-01 7.542012416825354393e-01
3.993181216419358082e-01 8.693456272322981349e-01
6.163536439318311189e-01 9.795626411345168538e-01
5.529828033772424822e-01 1.000000000000000000e+00
4.606037272155016349e-01 9.593355407322026185e-01
