0.000000000000000000e+00 3.848507404327392578e-01
4.163908958435058594e-02 2.936786413192749023e-01
9.440177679061889648e-02 2.122735381126403809e-01
1.477518081665039062e-01 1.652157306671142578e-01
1.864770650863647461e-01 1.454120278358459473e-01
7.730299234390258789e-02 1.353274583816528320e-01
1.277319192886352539e-01 7.596981525421142578e-02
1.588456332683563232e-01 3.375095129013061523e-02
1.839725077152252197e-01 0.000000000000000000e+00
6.657803058624267578e-02 1.666038036346435547e-01
1.890540122985839844e-01 1.874896287918090820e-01
1.982833743095397949e-01 2.465448975563049316e-01
1.877788007259368896e-01 2.747442722320556641e-01
6.431680917739868164e-02 2.257595658302307129e-01
1.773642599582672119e-01 2.763050198554992676e-01
1.630150675773620605e-01 3.190464377403259277e-01
1.379257142543792725e-01 3.270456194877624512e-01
6.808349490165710449e-02 2.948611378669738770e-01
1.603277027606964111e-01 3.302789330482482910e-01
1.512942910194396973e-01 3.538140058517456055e-01
1.289045810699462891e-01 3.526465296745300293e-01
