2.211415767669677734e-02 4.817936122417449951e-01
9.427016973495483398e-02 4.044660627841949463e-01
1.282866895198822021e-01 3.350942432880401611e-01
1.530076563358306885e-01 2.890653908252716064e-01
1.778865158557891846e-01 2.622759640216827393e-01
3.707307577133178711e-02 2.036693394184112549e-01
5.430456995964050293e-02 1.222975552082061768e-01
5.686408281326293945e-02 5.609801411628723145e-02
5.351772904396057129e-02 0.000000000000000000e+00
8.199334144592285156e-03 2.338377535343170166e-01
1.242533922195434570e-01 2.183250486850738525e-01
1.423574388027191162e-01 2.868703901767730713e-01
1.268671154975891113e-01 3.270995318889617920e-01
0.000000000000000000e+00 2.926981151103973389e-01
1.195859909057617188e-01 3.032114803791046143e-01
1.280253231525421143e-01 3.572026193141937256e-01
1.104785799980163574e-01 3.799838721752166748e-01
5.235999822616577148e-03 3.593607246875762939e-01
9.822803735733032227e-02 3.649771511554718018e-01
1.113925278186798096e-01 3.990484774112701416e-01
1.011973321437835693e-01 4.129452407360076904e-01
