6.816676259040832520e-02 5.019413828849792480e-01
1.299067437648773193e-01 4.089885354042053223e-01
1.546388864517211914e-01 3.405895233154296875e-01
1.674337387084960938e-01 2.880949974060058594e-01
1.737380325794219971e-01 2.586989998817443848e-01
3.738254308700561523e-02 2.106463909149169922e-01
4.018652439117431641e-02 1.259519159793853760e-01
3.227424621582031250e-02 5.693674087524414062e-02
2.027755975723266602e-02 0.000000000000000000e+00
5.313515663146972656e-03 2.422655224800109863e-01
1.133346557617187500e-01 2.224653363227844238e-01
1.438331902027130127e-01 2.872164845466613770e-01
1.349252164363861084e-01 3.326547741889953613e-01
0.000000000000000000e+00 3.022833466529846191e-01
1.141918003559112549e-01 2.991201281547546387e-01
1.350627541542053223e-01 3.534210324287414551e-01
1.235843598842620850e-01 3.855474591255187988e-01
1.008555293083190918e-02 3.705940246582031250e-01
1.015964448451995850e-01 3.678601384162902832e-01
1.231493949890136719e-01 3.972679376602172852e-01
1.179067790508270264e-01 4.150961041450500488e-01
