1.383329480886459351e-01 4.934180080890655518e-01
1.875750869512557983e-01 3.872505724430084229e-01
2.114833444356918335e-01 3.014467060565948486e-01
2.173725515604019165e-01 2.350402176380157471e-01
1.974461823701858521e-01 2.249757349491119385e-01
7.158298790454864502e-02 2.052126824855804443e-01
5.037911236286163330e-02 1.156392395496368408e-01
2.807290852069854736e-02 5.026748776435852051e-02
0.000000000000000000e+00 0.000000000000000000e+00
3.365719318389892578e-02 2.492870390415191650e-01
1.264696568250656128e-01 1.941293776035308838e-01
1.721711009740829468e-01 2.542466819286346436e-01
1.662624329328536987e-01 2.986117303371429443e-01
2.693280577659606934e-02 3.134614527225494385e-01
1.338898688554763794e-01 2.763614952564239502e-01
1.675551682710647583e-01 3.254481852054595947e-01
1.565233618021011353e-01 3.565581738948822021e-01
3.966520726680755615e-02 3.802243173122406006e-01
1.269197613000869751e-01 3.534168303012847900e-01
1.545842736959457397e-01 3.778224885463714600e-01
1.458494514226913452e-01 3.983653485774993896e-01
