8.173675071045410911e-01 1.000000000000000000e+00
9.596205273458159324e-01 7.715090239072588396e-01
1.000000000000000000e+00 5.727218904874638028e-01
9.821694687046106376e-01 4.359612810610649647e-01
8.799848906001564997e-01 4.112954874282856998e-01
4.336833454853727399e-01 4.037664249472721067e-01
2.667283329651091717e-01 2.183775299067585995e-01
1.382749142191970759e-01 9.456257609347756832e-02
0.000000000000000000e+00 0.000000000000000000e+00
2.910948749753713982e-01 5.044445560796272376e-01
6.066638673920103919e-01 3.691393392068051393e-01
8.093244121555352999e-01 4.784208168872353117e-01
8.243993672970947317e-01 5.809691149577321800e-01
2.672781629458034214e-01 6.407905226288752587e-01
6.639918042173424961e-01 5.529166108856050643e-01
8.040339372851945665e-01 6.437621956688296398e-01
7.750456360169226677e-01 7.120687247226311634e-01
3.203403547830003251e-01 7.824638545296545011e-01
6.511142411234525085e-01 7.232004328172018104e-01
7.577717465276077036e-01 7.608010327014226304e-01
7.223814861269464149e-01 7.990579860901977360e-01
