2.375336587429046631e-01 4.181727170944213867e-01
2.611716687679290771e-01 3.189329504966735840e-01
2.561733126640319824e-01 2.174572944641113281e-01
2.323354184627532959e-01 1.447957158088684082e-01
1.937436759471893311e-01 1.485400199890136719e-01
1.293967366218566895e-01 1.685044765472412109e-01
7.670640945434570312e-02 8.675605058670043945e-02
3.967180848121643066e-02 3.792804479598999023e-02
0.000000000000000000e+00 0.000000000000000000e+00
9.745004773139953613e-02 2.126433253288269043e-01
1.358651220798492432e-01 1.388692259788513184e-01
1.982907652854919434e-01 1.890637278556823730e-01
2.207182347774505615e-01 2.412877678871154785e-01
8.620652556419372559e-02 2.661783695220947266e-01
1.433502137660980225e-01 2.015465497970581055e-01
1.947282254695892334e-01 2.470681071281433105e-01
2.097409069538116455e-01 2.912937998771667480e-01
8.855986595153808594e-02 3.250341415405273438e-01
1.408760547637939453e-01 2.749350070953369141e-01
1.798653900623321533e-01 2.935763597488403320e-01
1.915584802627563477e-01 3.206170201301574707e-01
