9.419316445282714945e-01 1.000000000000000000e+00
1.000000000000000000e+00 7.351326944107943184e-01
9.351217367944186787e-01 4.648091027407305620e-01
7.997591903670584479e-01 2.917181426978329162e-01
6.569996069582035858e-01 3.274765562236821581e-01
4.791903649191718295e-01 4.028598693284461407e-01
2.835191408252872303e-01 2.036957269023804973e-01
1.413576505459986365e-01 9.278203841618963554e-02
0.000000000000000000e+00 0.000000000000000000e+00
3.634875028058178192e-01 5.226310151123387815e-01
4.900532721652121060e-01 3.456095150878951694e-01
7.139119948986394348e-01 4.255452763884670642e-01
8.471394189153276244e-01 5.323336455192467787e-01
3.183534260285872941e-01 6.569668848118666027e-01
5.186439742478201609e-01 4.937385360212886987e-01
7.169831654139049437e-01 5.818319346557544458e-01
8.237068756428912453e-01 6.813931421492941398e-01
3.217266113791081850e-01 7.994428386052718771e-01
5.181706554427891742e-01 6.515424717194592263e-01
6.731462495742136509e-01 6.907092933242641175e-01
7.513881477869244208e-01 7.526369701260022804e-01
