1.000000000000000000e+00 8.748892283193385744e-01
8.749861255847074526e-01 4.342681104863307384e-01
6.615819761881464034e-01 2.302158941345634202e-01
4.984722786682561080e-01 2.648748700399304323e-01
3.966978534476047202e-01 4.415446364223269415e-01
5.075484676002940398e-01 7.796386846999008025e-02
2.659108651849672045e-01 2.015327602538726989e-02
1.148428744788612538e-01 3.895139787413283601e-03
0.000000000000000000e+00 0.000000000000000000e+00
4.553028122386270637e-01 2.620692387223338971e-01
2.737293214071692682e-01 5.306103290065923295e-01
3.370621523807211251e-01 6.376728734571142088e-01
4.146850954138361356e-01 6.146005895580913814e-01
4.413111161743897837e-01 5.199314747556110783e-01
3.069644207851240370e-01 7.530425460227317958e-01
3.766649119787094935e-01 8.262415042376421992e-01
4.416331026049616360e-01 7.771670964109252955e-01
4.499228961065212529e-01 7.960569305056388600e-01
3.478109851084847381e-01 9.393087764596019795e-01
4.207446971877613628e-01 1.000000000000000000e+00
4.899812079348084826e-01 9.830772852597478018e-01
