2.478924989700317383e-01 2.623966336250305176e-01
2.272702455520629883e-01 1.682204604148864746e-01
1.711615920066833496e-01 9.578412771224975586e-02
1.125162243843078613e-01 7.331436872482299805e-02
7.179188728332519531e-02 8.992707729339599609e-02
1.605099439620971680e-01 4.410243034362792969e-02
8.832734823226928711e-02 1.340931653976440430e-02
4.041683673858642578e-02 3.335356712341308594e-03
0.000000000000000000e+00 0.000000000000000000e+00
1.500194668769836426e-01 9.509330987930297852e-02
4.890078306198120117e-02 1.057116389274597168e-01
6.364440917968750000e-02 1.319954991340637207e-01
9.130096435546875000e-02 1.386176943778991699e-01
1.403177976608276367e-01 1.584304571151733398e-01
5.748736858367919922e-02 1.698719263076782227e-01
7.633215188980102539e-02 1.863759160041809082e-01
1.019759774208068848e-01 1.865748167037963867e-01
1.319548487663269043e-01 2.226240634918212891e-01
6.855076551437377930e-02 2.187989354133605957e-01
8.805447816848754883e-02 2.316166162490844727e-01
1.119199395179748535e-01 2.353063225746154785e-01
