1.000000000000000000e+00 8.677890250000311889e-01
8.834133037884827067e-01 4.253916832543881421e-01
6.659699207877703975e-01 2.214030943299760967e-01
5.098269133898095662e-01 2.636021744660529964e-01
4.177647783894755662e-01 4.463182336147937801e-01
4.981317883982693817e-01 7.999681082753196115e-02
2.571087431697533510e-01 2.582251297630977840e-02
1.081582116947069627e-01 8.305171330588535794e-03
0.000000000000000000e+00 0.000000000000000000e+00
4.431107025918557540e-01 2.788342200703866069e-01
2.665778418377485193e-01 5.359425149580931969e-01
3.228236925888278708e-01 6.318518808415252153e-01
3.955343540692892734e-01 6.060701692884357117e-01
4.289504795812807414e-01 5.464372238878177912e-01
3.034246497837507772e-01 7.739738546145368270e-01
3.753836444833071329e-01 8.302664957447862815e-01
4.394438314493373521e-01 7.757549616404170179e-01
4.378899014659916600e-01 8.237686609264337489e-01
3.392464837829459734e-01 9.505328540970249263e-01
4.135422115061596071e-01 1.000000000000000000e+00
4.814845566675957089e-01 9.804842212985926952e-01
