4.289511740207672119e-01 2.943996787071228027e-01
3.724687397480010986e-01 1.806896328926086426e-01
2.833962738513946533e-01 1.174135804176330566e-01
2.124219834804534912e-01 1.120133399963378906e-01
1.616595685482025146e-01 1.420511603355407715e-01
2.136856019496917725e-01 6.729167699813842773e-02
1.091025769710540771e-01 3.339588642120361328e-02
4.805728793144226074e-02 1.614284515380859375e-02
0.000000000000000000e+00 0.000000000000000000e+00
2.093475759029388428e-01 1.023653745651245117e-01
9.461510181427001953e-02 1.712774038314819336e-01
1.150476336479187012e-01 2.328577637672424316e-01
1.489804685115814209e-01 2.418659925460815430e-01
2.142371237277984619e-01 1.639246940612792969e-01
1.094121634960174561e-01 2.296471595764160156e-01
1.369172036647796631e-01 2.792685627937316895e-01
1.694003343582153320e-01 2.749027013778686523e-01
2.259093225002288818e-01 2.355192899703979492e-01
1.350556015968322754e-01 2.848750352859497070e-01
1.587138175964355469e-01 3.181278109550476074e-01
1.931919157505035400e-01 3.158315420150756836e-01
