4.329860210418701172e-01 2.518883347511291504e-01
3.501332998275756836e-01 1.841032505035400391e-01
2.541008591651916504e-01 1.424841880798339844e-01
1.865450739860534668e-01 1.339652538299560547e-01
1.332219243049621582e-01 1.585288047790527344e-01
2.148081660270690918e-01 5.117243528366088867e-02
1.082015037536621094e-01 3.633296489715576172e-02
4.897359013557434082e-02 2.169036865234375000e-02
0.000000000000000000e+00 0.000000000000000000e+00
2.256427407264709473e-01 6.577092409133911133e-02
1.036798059940338135e-01 1.350746750831604004e-01
1.210145950317382812e-01 2.070429921150207520e-01
1.580788493156433105e-01 2.235771417617797852e-01
2.368224859237670898e-01 1.097605228424072266e-01
1.225729584693908691e-01 1.767797470092773438e-01
1.484092175960540771e-01 2.383223176002502441e-01
1.872074007987976074e-01 2.357746362686157227e-01
2.506759762763977051e-01 1.647237539291381836e-01
1.509064435958862305e-01 2.091326117515563965e-01
1.729507148265838623e-01 2.584439516067504883e-01
2.125325202941894531e-01 2.608895897865295410e-01
