1.000000000000000000e+00 8.932572657914736869e-01
7.520940346369721086e-01 1.000000000000000000e+00
5.350638480295679678e-01 9.097199216114447706e-01
3.977458014170794920e-01 7.829605379882194072e-01
3.044664007866099142e-01 6.298703823692928250e-01
4.593207733212689714e-01 1.518780347446776202e-01
2.483592526856364391e-01 1.177084072296870759e-01
1.098087447637310782e-01 8.257655337046118649e-02
0.000000000000000000e+00 0.000000000000000000e+00
5.165781652879116725e-01 4.289335775321821004e-02
2.748673934494670346e-01 4.028309579880326452e-01
3.518877488878453530e-01 8.446405846277651452e-01
4.435647824708335296e-01 9.122985878659410908e-01
5.850565648737103830e-01 6.787458778900762324e-02
3.624790290949343463e-01 4.754637160250407280e-01
4.579607658358436084e-01 8.395194889162089780e-01
5.546631769606059637e-01 8.245751549088247145e-01
6.695549969943339619e-01 1.987678931382418357e-01
4.705787424107115147e-01 4.770297031634863627e-01
5.322131582543184747e-01 7.675830348791718993e-01
6.296162366209300254e-01 7.928908142087828237e-01
