3.860826194286346436e-01 1.627270579338073730e-01
3.282785117626190186e-01 2.167214155197143555e-01
2.426893413066864014e-01 2.366408109664916992e-01
1.883574128150939941e-01 2.306764125823974609e-01
1.618757247924804688e-01 1.977509856224060059e-01
1.758031547069549561e-01 1.265770196914672852e-01
9.127125144004821777e-02 9.322303533554077148e-02
4.047378897666931152e-02 8.359485864639282227e-02
0.000000000000000000e+00 6.780147552490234375e-02
1.958727836608886719e-01 8.480739593505859375e-02
1.233480274677276611e-01 8.719807863235473633e-02
1.714885234832763672e-01 1.478782892227172852e-01
2.184955775737762451e-01 1.669830679893493652e-01
2.243909537792205811e-01 4.290077090263366699e-02
1.533161997795104980e-01 3.825882077217102051e-02
2.062419354915618896e-01 9.950196743011474609e-02
2.539254128932952881e-01 1.151561737060546875e-01
2.632962763309478760e-01 0.000000000000000000e+00
2.026331722736358643e-01 3.176629543304443359e-04
2.333692014217376709e-01 5.121669173240661621e-02
2.701497972011566162e-01 6.423640251159667969e-02
