3.976883292198181152e-01 1.745818853378295898e-01
3.448525071144104004e-01 2.391878962516784668e-01
2.555152177810668945e-01 2.818210721015930176e-01
1.838211417198181152e-01 2.708877921104431152e-01
1.656448543071746826e-01 2.054876089096069336e-01
1.764797270298004150e-01 1.841980814933776855e-01
9.113723039627075195e-02 1.690052747726440430e-01
4.058632254600524902e-02 1.631270051002502441e-01
0.000000000000000000e+00 1.510723233222961426e-01
1.936399042606353760e-01 1.255859732627868652e-01
1.183103024959564209e-01 1.128721237182617188e-01
1.734689474105834961e-01 1.529420018196105957e-01
2.257944941520690918e-01 1.731312870979309082e-01
2.206438183784484863e-01 6.815281510353088379e-02
1.501714885234832764e-01 5.247566103935241699e-02
2.087292075157165527e-01 9.761381149291992188e-02
2.607311606407165527e-01 1.173412799835205078e-01
2.577795386314392090e-01 1.148670911788940430e-02
1.935354471206665039e-01 0.000000000000000000e+00
2.267445325851440430e-01 4.266998171806335449e-02
2.670367956161499023e-01 6.481057405471801758e-02
