1.000000000000000000e+00 6.274233049263376882e-01
8.675513791116385987e-01 8.502455803460602368e-01
6.590167653875403930e-01 1.000000000000000000e+00
4.867881665013791825e-01 9.627534029804555304e-01
4.422782573823884622e-01 7.322289015798640888e-01
4.339528993950297897e-01 7.216421555825390799e-01
2.266211448731079992e-01 6.820959632565556374e-01
1.019631815398288621e-01 6.548605776199980522e-01
0.000000000000000000e+00 6.165534866696832372e-01
4.744323956205144244e-01 4.999920771067706826e-01
3.224913427303321423e-01 4.634155025393361660e-01
4.740901150870423519e-01 5.514977300421830542e-01
5.884624652941484735e-01 5.994799452009665908e-01
5.404796046107074314e-01 2.845889554085875295e-01
3.961422808947561158e-01 2.260874855651732185e-01
5.412251504296571314e-01 3.422036480912967749e-01
6.497509849507118185e-01 3.977176981197702577e-01
6.309195582940888558e-01 7.926140637419257229e-02
4.887752289186225729e-01 0.000000000000000000e+00
5.712263246029036790e-01 1.261143647140549606e-01
6.532547179184257091e-01 2.034975563254129705e-01
