1.000000000000000000e+00 7.428566576350943418e-01
8.245063186963843549e-01 9.703175691954397664e-01
5.994889163128481746e-01 1.000000000000000000e+00
4.524274673857917040e-01 9.611664458426606439e-01
3.374965625539133596e-01 9.084490440570517356e-01
4.444826138280000283e-01 4.158408673993821414e-01
2.440614341165173173e-01 2.339005483132509666e-01
1.051243264707165670e-01 1.763796127294796900e-01
0.000000000000000000e+00 9.636456426669398612e-02
4.937541554570232250e-01 2.545295786631910362e-01
3.032363429816657407e-01 3.389139488714948412e-01
4.131666493877043100e-01 7.195847913810419216e-01
5.373685514612197567e-01 8.522377967991217051e-01
5.709345170022988025e-01 1.177897699813103133e-01
4.041135672144298141e-01 2.203664306445192178e-01
5.302148208665286022e-01 5.494182825006354021e-01
6.478106620671270077e-01 6.116563988061399781e-01
6.810924253698932285e-01 0.000000000000000000e+00
5.280835442500884103e-01 9.952566255117499538e-02
6.028311346354066069e-01 3.527780792139797450e-01
7.015282475009216867e-01 3.843470368949276073e-01
