4.342556595802307129e-01 1.203837394714355469e-01
3.429409861564636230e-01 1.160153746604919434e-01
2.518332600593566895e-01 9.896904230117797852e-02
1.863536238670349121e-01 9.954124689102172852e-02
1.374131143093109131e-01 1.239275932312011719e-01
2.139647603034973145e-01 0.000000000000000000e+00
1.100808978080749512e-01 1.421242952346801758e-02
4.997512698173522949e-02 1.159420609474182129e-02
0.000000000000000000e+00 3.999531269073486328e-03
2.268244624137878418e-01 6.792306900024414062e-03
1.191663146018981934e-01 1.067301630973815918e-01
1.362628340721130371e-01 1.821290254592895508e-01
1.666424274444580078e-01 2.085544466972351074e-01
2.436625361442565918e-01 4.274803400039672852e-02
1.436757743358612061e-01 1.386799216270446777e-01
1.692262291908264160e-01 1.978926062583923340e-01
2.012935280799865723e-01 2.047914266586303711e-01
2.623549103736877441e-01 9.370124340057373047e-02
1.823548078536987305e-01 1.676871776580810547e-01
2.008858323097229004e-01 2.040345072746276855e-01
2.311964631080627441e-01 2.035715579986572266e-01
