4.416585564613342285e-01 1.489203274250030518e-01
3.670746088027954102e-01 5.255398154258728027e-02
2.681856751441955566e-01 2.683275938034057617e-02
2.018259763717651367e-01 5.872806906700134277e-02
1.653761565685272217e-01 1.176085174083709717e-01
2.104171514511108398e-01 0.000000000000000000e+00
1.066804230213165283e-01 1.049286127090454102e-02
4.688942432403564453e-02 1.919233798980712891e-02
0.000000000000000000e+00 2.385494112968444824e-02
2.030886411666870117e-01 5.317237973213195801e-02
1.153754591941833496e-01 1.284299790859222412e-01
1.447853446006774902e-01 1.583185493946075439e-01
1.781739592552185059e-01 1.470280587673187256e-01
2.092760205268859863e-01 1.230240166187286377e-01
1.337605714797973633e-01 1.876392662525177002e-01
1.651446223258972168e-01 2.094917595386505127e-01
1.941361427307128906e-01 1.932334601879119873e-01
2.247502803802490234e-01 1.984944641590118408e-01
1.600300669670104980e-01 2.389521300792694092e-01
1.873456239700317383e-01 2.480221092700958252e-01
2.179784178733825684e-01 2.362982332706451416e-01
