1.942217350006103516e-01 2.565344572067260742e-01
1.698358654975891113e-01 1.756789684295654297e-01
1.209798455238342285e-01 1.126656532287597656e-01
6.357258558273315430e-02 9.313023090362548828e-02
2.130156755447387695e-02 1.062079668045043945e-01
1.277626156806945801e-01 5.594480037689208984e-02
8.271723985671997070e-02 1.807123422622680664e-02
3.994792699813842773e-02 3.368556499481201172e-03
6.604194641113281250e-03 0.000000000000000000e+00
1.267548203468322754e-01 9.839367866516113281e-02
1.475900411605834961e-02 9.325546026229858398e-02
0.000000000000000000e+00 1.298815011978149414e-01
8.646905422210693359e-03 1.539671421051025391e-01
1.211261153221130371e-01 1.559849977493286133e-01
2.155905961990356445e-02 1.715991497039794922e-01
3.652209043502807617e-02 1.932626962661743164e-01
6.391495466232299805e-02 1.964699625968933105e-01
1.125326752662658691e-01 2.161908149719238281e-01
3.502386808395385742e-02 2.236913442611694336e-01
4.871839284896850586e-02 2.378789186477661133e-01
7.300120592117309570e-02 2.380368709564208984e-01
