1.000000000000000000e+00 1.000000000000000000e+00
7.621648241846873395e-01 7.469432618420115411e-01
4.499979310658266951e-01 5.423491858751688932e-01
1.627674606173292460e-01 5.049140929473355799e-01
0.000000000000000000e+00 5.652499475028833764e-01
7.371113880241949579e-01 2.867630618041864254e-01
6.239576472216249448e-01 1.550651440461920105e-01
4.627300163004879341e-01 6.571731924097559685e-02
3.269631641533073396e-01 0.000000000000000000e+00
8.077034220171226409e-01 4.340119180927060616e-01
2.137073333202187675e-01 4.227596203517374751e-01
6.317100453198334908e-02 5.842323606286592419e-01
6.113463063419954935e-02 6.775030693238598412e-01
8.145139463121756629e-01 6.513914797293098857e-01
2.112079930049674814e-01 7.073091860203013503e-01
2.319746653922936663e-01 8.247650782377115020e-01
3.716928426409368269e-01 8.480087152016683172e-01
7.786226867789679540e-01 8.743373231141969848e-01
2.894428733357798933e-01 9.061333413156162919e-01
3.183736956387546169e-01 9.741446598300227411e-01
4.659673895273943600e-01 9.802996349466162052e-01
