8.876264194288350229e-01 1.000000000000000000e+00
6.282214707213490401e-01 7.554445515088141772e-01
4.154620025464127453e-01 5.436347952270813577e-01
1.769798397035803328e-01 4.907206243731399575e-01
0.000000000000000000e+00 5.212785647100151021e-01
8.031920374963621434e-01 3.118646244913302334e-01
7.398925795810611383e-01 2.039507162825207887e-01
6.702799355432189632e-01 1.033202858892261350e-01
6.354017054850545909e-01 0.000000000000000000e+00
9.618260791773569629e-01 4.387162726716098415e-01
4.148187936284570276e-01 3.966388810004153331e-01
1.432034446404352734e-01 5.115832658937239374e-01
6.454359910871777795e-02 5.903745483734879063e-01
1.000000000000000000e+00 6.288680651425588852e-01
3.834189498255522466e-01 6.625034677365078117e-01
3.193124610026283339e-01 7.704857047179273222e-01
4.416569122121744018e-01 8.070736079397623497e-01
9.704708976274876164e-01 8.227730155108365917e-01
4.715548027964489020e-01 8.452886798306595839e-01
4.158760871608478960e-01 9.055862567651640216e-01
5.250838266551965949e-01 9.180688770443230506e-01
