4.812993675812523575e-01 9.791955881250191673e-01
3.278612304488650597e-01 8.494547515891989198e-01
2.040189803797192725e-01 6.855118986425029481e-01
5.144260638866150759e-02 5.736943042162483408e-01
0.000000000000000000e+00 5.414481651702300891e-01
6.560392472619942517e-01 3.901312893365830314e-01
7.682705884148509634e-01 2.288605751616007711e-01
8.412550398253691997e-01 1.066961408138454720e-01
9.234382078602476618e-01 0.000000000000000000e+00
9.099809295353217253e-01 4.910512976822814513e-01
5.810293732804289180e-01 4.415329043147027677e-01
2.674205512082737934e-01 5.636534343831118843e-01
1.791287295452235750e-01 6.315362495876688520e-01
1.000000000000000000e+00 6.693073342292914507e-01
5.271492614708491731e-01 7.233043526236303533e-01
3.345126273427208030e-01 8.263121454389475984e-01
3.664306217388407227e-01 8.638747818870370354e-01
9.885722390169869866e-01 8.691347476727817600e-01
5.598251607290627430e-01 9.186216698312715812e-01
4.416087535778060458e-01 9.813097928689348270e-01
5.063846784097250087e-01 1.000000000000000000e+00
