5.989164113998413086e-02 3.305572867393493652e-01
3.018867969512939453e-02 2.793616056442260742e-01
1.123934984207153320e-02 2.158003449440002441e-01
0.000000000000000000e+00 1.683415770530700684e-01
1.541328430175781250e-02 1.630315184593200684e-01
1.003633141517639160e-01 1.253159642219543457e-01
1.359503865242004395e-01 6.577265262603759766e-02
1.604878902435302734e-01 2.895951271057128906e-02
1.837099194526672363e-01 0.000000000000000000e+00
1.440347433090209961e-01 1.579672098159790039e-01
1.085600852966308594e-01 1.271289587020874023e-01
5.684340000152587891e-02 1.673458814620971680e-01
4.145997762680053711e-02 1.951742172241210938e-01
1.644254326820373535e-01 2.100425958633422852e-01
9.722161293029785156e-02 2.162861227989196777e-01
5.786144733428955078e-02 2.514531612396240234e-01
6.025600433349609375e-02 2.647884488105773926e-01
1.687265038490295410e-01 2.714825272560119629e-01
1.029828190803527832e-01 2.788912653923034668e-01
7.628089189529418945e-02 3.003216981887817383e-01
8.424174785614013672e-02 3.067806959152221680e-01
