4.561400413513183594e-02 3.640956878662109375e-01
1.883822679519653320e-02 3.076153397560119629e-01
4.135966300964355469e-03 2.333280444145202637e-01
0.000000000000000000e+00 1.762776970863342285e-01
2.177226543426513672e-02 1.716983318328857422e-01
9.494870901107788086e-02 1.377748847007751465e-01
1.405426859855651855e-01 6.865477561950683594e-02
1.700750589370727539e-01 2.745008468627929688e-02
2.001667618751525879e-01 0.000000000000000000e+00
1.319164037704467773e-01 1.734273433685302734e-01
1.212225556373596191e-01 1.190831661224365234e-01
6.652897596359252930e-02 1.593290567398071289e-01
4.667872190475463867e-02 1.941474080085754395e-01
1.552711129188537598e-01 2.226613759994506836e-01
1.133908033370971680e-01 2.068242430686950684e-01
6.711018085479736328e-02 2.499493956565856934e-01
6.113535165786743164e-02 2.765408158302307129e-01
1.675351262092590332e-01 2.825649976730346680e-01
1.214075684547424316e-01 2.713597416877746582e-01
8.619529008865356445e-02 2.937355637550354004e-01
8.454561233520507812e-02 3.089518547058105469e-01
