3.379399830651231285e-01 1.000000000000000000e+00
1.360324397306093280e-01 8.708844758411558029e-01
1.594819077075334060e-02 6.739448199849454868e-01
0.000000000000000000e+00 5.145097769436204338e-01
2.171213172333829877e-01 4.701905780114657429e-01
4.915069987912722427e-01 4.252971586839455753e-01
6.915870830700864280e-01 2.111993882099046094e-01
8.223162716999100619e-01 9.106337818617817048e-02
9.686439820918715249e-01 0.000000000000000000e+00
6.984080544035717875e-01 4.979126873647939377e-01
6.892416511392978062e-01 3.300206069952883459e-01
4.365862005010305302e-01 4.322554110968795382e-01
3.199799826620894905e-01 5.309077500775782887e-01
8.673840168050104271e-01 5.975324387079403721e-01
7.382337498138767939e-01 5.094660373025311495e-01
4.989828998047152742e-01 6.395586108818397397e-01
4.306586204232823456e-01 7.323145529806159848e-01
1.000000000000000000e+00 7.245146147467448339e-01
8.602958490892745891e-01 6.491904797134739891e-01
6.620342675628443363e-01 7.289251255449200606e-01
6.177725897561534563e-01 7.912825248854783444e-01
