3.308998359319690885e-01 1.000000000000000000e+00
1.151855436645733838e-01 8.727394920766411435e-01
0.000000000000000000e+00 6.727940775739370549e-01
1.335785943972220106e-02 5.169715575998903301e-01
2.417415523312798076e-01 4.754041133886779957e-01
3.992682688146887426e-01 4.428768364161853044e-01
5.419921651016748054e-01 2.209180919227805850e-01
6.303381361076579870e-01 9.625147076793161283e-02
7.351753907128014687e-01 0.000000000000000000e+00
6.268969888241077149e-01 5.012483241420496727e-01
6.370679070393289178e-01 3.020122629489248589e-01
4.205229534692055404e-01 3.890749837792439880e-01
3.030656103927082401e-01 4.938652268869285766e-01
8.261008842548207554e-01 5.890396165074804902e-01
6.919355134656580697e-01 4.872837017400238890e-01
4.919517979440272692e-01 6.327047156936029815e-01
4.536458118309411036e-01 7.327358664293167623e-01
1.000000000000000000e+00 7.064899373944790728e-01
8.474121440924040627e-01 6.209890559376571861e-01
6.803765919415531993e-01 7.133491228744499590e-01
6.759492016018422422e-01 7.750301611405184810e-01
