1.443213820457458496e-01 4.025472402572631836e-01
8.937507867813110352e-02 3.446693420410156250e-01
5.405998229980468750e-02 2.768580317497253418e-01
2.371531724929809570e-02 2.305640578269958496e-01
0.000000000000000000e+00 2.047134041786193848e-01
1.267060637474060059e-01 1.719145178794860840e-01
9.897953271865844727e-02 9.561163187026977539e-02
8.286571502685546875e-02 4.479378461837768555e-02
7.314604520797729492e-02 0.000000000000000000e+00
1.305508613586425781e-01 1.854183673858642578e-01
3.541094064712524414e-02 1.374762654304504395e-01
1.686507463455200195e-02 1.920937299728393555e-01
2.842581272125244141e-02 2.270260453224182129e-01
1.219431161880493164e-01 2.150516510009765625e-01
2.947998046875000000e-02 2.047299146652221680e-01
3.011494874954223633e-02 2.545586228370666504e-01
5.286890268325805664e-02 2.711340785026550293e-01
1.066483259201049805e-01 2.519401311874389648e-01
3.753525018692016602e-02 2.612824440002441406e-01
4.109752178192138672e-02 2.973058819770812988e-01
6.307303905487060547e-02 3.057138323783874512e-01
