6.555503606796264648e-02 4.375000000000000000e-01
2.483421564102172852e-02 3.848557472229003906e-01
0.000000000000000000e+00 3.032607436180114746e-01
1.906573772430419922e-03 2.367253303527832031e-01
3.811556100845336914e-02 2.159495353698730469e-01
4.986631870269775391e-02 2.033137083053588867e-01
5.822783708572387695e-02 1.033074259757995605e-01
6.498628854751586914e-02 4.638332128524780273e-02
7.585495710372924805e-02 0.000000000000000000e+00
8.800518512725830078e-02 2.207759022712707520e-01
8.764129877090454102e-02 1.312431097030639648e-01
5.778455734252929688e-02 1.756646633148193359e-01
4.160040616989135742e-02 2.247624397277832031e-01
1.232035160064697266e-01 2.520034313201904297e-01
1.043142080307006836e-01 2.015336751937866211e-01
7.923990488052368164e-02 2.691875696182250977e-01
7.580202817916870117e-02 3.149218559265136719e-01
1.556999087333679199e-01 2.960695624351501465e-01
1.316038370132446289e-01 2.564361691474914551e-01
1.097333431243896484e-01 3.007734417915344238e-01
1.102090477943420410e-01 3.291104435920715332e-01
