6.302407915519400161e-01 1.000000000000000000e+00
2.954745288677649850e-01 9.016793859321325932e-01
4.152644515481980492e-02 7.451976814675180805e-01
0.000000000000000000e+00 5.934291637947977094e-01
2.169235821868694125e-01 5.115331489801059339e-01
1.901291282538015437e-01 4.740730437382184026e-01
7.663903590232794272e-02 2.465586013513700603e-01
3.194561212059893185e-02 1.124936680479318440e-01
1.970006849474565877e-02 0.000000000000000000e+00
4.600441963751584762e-01 4.881042343112912407e-01
4.011254658325243416e-01 2.953003767338476249e-01
3.223047156986263428e-01 4.024983183996146963e-01
2.867183629354294605e-01 5.222297882705950745e-01
7.316346957604723533e-01 5.293572826444999935e-01
6.220643818489727250e-01 4.247795927066984611e-01
5.443035738518698929e-01 5.830526513924758625e-01
5.384329397896657765e-01 6.981970198996299004e-01
1.000000000000000000e+00 5.998397289509305175e-01
8.677136004226920774e-01 5.206286002164628446e-01
7.828616189331361053e-01 6.282760758782383048e-01
7.868163272844362899e-01 7.047021145259824149e-01
