1.449384093284606934e-01 4.069675803184509277e-01
9.113842248916625977e-02 3.797211050987243652e-01
4.535973072052001953e-02 3.239304423332214355e-01
3.570789098739624023e-02 2.615132331848144531e-01
6.620454788208007812e-02 2.246693968772888184e-01
4.980510473251342773e-02 1.902916431427001953e-01
2.372890710830688477e-02 9.847581386566162109e-02
8.798062801361083984e-03 4.534828662872314453e-02
0.000000000000000000e+00 0.000000000000000000e+00
9.319531917572021484e-02 1.875632405281066895e-01
7.675313949584960938e-02 1.111665964126586914e-01
6.909638643264770508e-02 1.709488034248352051e-01
7.020610570907592773e-02 2.284853458404541016e-01
1.369221806526184082e-01 1.996551156044006348e-01
1.182710528373718262e-01 1.701368093490600586e-01
1.129015684127807617e-01 2.439825534820556641e-01
1.176341176033020020e-01 2.908058166503906250e-01
1.799897551536560059e-01 2.244291305541992188e-01
1.607677340507507324e-01 2.015549540519714355e-01
1.507766842842102051e-01 2.515467405319213867e-01
1.526247262954711914e-01 2.824815511703491211e-01
