9.779606625171384238e-01 1.000000000000000000e+00
7.203653679054170533e-01 9.760567682198794115e-01
4.462389516910129639e-01 8.591231206825141742e-01
3.515963805485022298e-01 6.954431159737767265e-01
4.909988000651899775e-01 5.861771286710735218e-01
3.699241673851357270e-01 4.800261906895689767e-01
1.783666643867060919e-01 2.519079781010453156e-01
7.299138991182181624e-02 1.219099118092708545e-01
0.000000000000000000e+00 0.000000000000000000e+00
5.725932412398143656e-01 4.367947597338432963e-01
4.446221500140878913e-01 2.460080896509033166e-01
4.849906817166583228e-01 4.560571872177064390e-01
5.510994054369460216e-01 6.181734321791328979e-01
7.845279623091553356e-01 4.374605007256809341e-01
6.834004514321951884e-01 3.556553317224085964e-01
7.237734867606067102e-01 5.768743792971178230e-01
7.850436274679517545e-01 7.016725495402579282e-01
1.000000000000000000e+00 4.743680573348645346e-01
9.082712747766271688e-01 4.119864304560874602e-01
9.022960891920579485e-01 5.627440101184649768e-01
9.356949784290395922e-01 6.485906791938149674e-01
