2.750679850578308105e-01 2.608638405799865723e-01
2.224952578544616699e-01 2.686567902565002441e-01
1.663659214973449707e-01 2.533264756202697754e-01
1.399309039115905762e-01 2.126377224922180176e-01
1.539609432220458984e-01 1.617695689201354980e-01
1.198099255561828613e-01 1.323373317718505859e-01
6.104654073715209961e-02 7.007473707199096680e-02
2.714776992797851562e-02 3.546702861785888672e-02
0.000000000000000000e+00 0.000000000000000000e+00
1.587460041046142578e-01 1.025972366333007812e-01
1.175787448883056641e-01 4.748898744583129883e-02
1.413150429725646973e-01 1.154806017875671387e-01
1.660830378532409668e-01 1.650822758674621582e-01
2.023777365684509277e-01 8.720558881759643555e-02
1.741948127746582031e-01 6.422299146652221680e-02
1.982756853103637695e-01 1.385511755943298340e-01
2.186380624771118164e-01 1.795549392700195312e-01
2.491074204444885254e-01 8.328670263290405273e-02
2.242123484611511230e-01 6.528139114379882812e-02
2.350035905838012695e-01 1.188312172889709473e-01
2.475980520248413086e-01 1.490444540977478027e-01
