1.000000000000000000e+00 8.619643916649194493e-01
8.371322354631353102e-01 9.703088405208756262e-01
6.595179140663361972e-01 1.000000000000000000e+00
5.571353185043780298e-01 8.786836247161637914e-01
5.891567625937996766e-01 6.173301035119103108e-01
4.369467798876109366e-01 4.788147804479815917e-01
2.251211483421852455e-01 2.799380802191281936e-01
1.032105222384062243e-01 1.785915777796613368e-01
0.000000000000000000e+00 5.739862569016614818e-02
5.436158672541792081e-01 2.461326159917797129e-01
3.986624647416582845e-01 9.143576863653059272e-02
5.202791768752982327e-01 3.950806191383276489e-01
6.180318881873195780e-01 5.761998444570346489e-01
6.788074228751803663e-01 9.344563356991923697e-02
6.129450672621430396e-01 1.117084000636447277e-01
7.296322645391316586e-01 4.386980786131396415e-01
8.006813836547167496e-01 5.845545537954118798e-01
8.310712208153382408e-01 0.000000000000000000e+00
7.754455871803833666e-01 3.447194947678974830e-02
8.390512512239023390e-01 2.843396784751436313e-01
8.775602893248908298e-01 3.887744374207229292e-01
