1.000000000000000000e+00 7.522817967730730526e-01
8.524083731384466400e-01 9.073044848212991065e-01
6.970390978219247469e-01 1.000000000000000000e+00
6.046083362846417231e-01 9.118128283886425267e-01
6.075537644666044734e-01 6.677485086608444531e-01
4.282732343393859664e-01 5.923610066436731936e-01
2.293439888510529212e-01 5.088744594664821319e-01
1.093994267910287643e-01 4.784555169291952459e-01
0.000000000000000000e+00 4.116079658434784738e-01
4.957927796071522342e-01 3.204772285297761703e-01
3.908894403111212723e-01 2.763215548766311813e-01
5.342509329937619178e-01 5.134183599508767015e-01
6.332277509534148807e-01 6.348977465120031471e-01
6.065562957209127415e-01 1.298106457409651249e-01
6.025376586635874387e-01 2.417911386692413456e-01
7.323267118563598910e-01 4.876814428449909866e-01
7.927297528896777301e-01 5.616655406976267528e-01
7.422488605904163927e-01 0.000000000000000000e+00
7.495151193597332506e-01 1.268725503335512428e-01
8.262757274360087445e-01 3.237460032657660802e-01
8.516684208336361417e-01 3.669090919036899767e-01
