1.000000000000000000e+00 6.823928341388391106e-01
8.775054675528609627e-01 8.574608055349858260e-01
7.386567056788225782e-01 1.000000000000000000e+00
6.311325148212983960e-01 9.811520412232003219e-01
6.132999112856932777e-01 7.466641435275456207e-01
4.273886841027441097e-01 6.776600312854644814e-01
2.304107029620457714e-01 6.821170597797748814e-01
1.097347347347347318e-01 7.008582141871256832e-01
0.000000000000000000e+00 6.748045206181727540e-01
4.671094870541948052e-01 3.880306807874823183e-01
3.482761987896269007e-01 3.960240293399818756e-01
4.976325061238173197e-01 5.783840005959136610e-01
6.070600616414202344e-01 6.691822290674390716e-01
5.638958468737299556e-01 1.642716927890071343e-01
5.805309654045830436e-01 3.044951494384828816e-01
7.279273744518610645e-01 5.050044693520754358e-01
7.980693964106286842e-01 5.647155060226709544e-01
6.937891683152346278e-01 0.000000000000000000e+00
7.270839164599037785e-01 1.478501102002006962e-01
8.139464503998469214e-01 3.112714758939799653e-01
8.413134698679722856e-01 3.396537785742766991e-01
