2.922459840774536133e-01 1.364416480064392090e-01
2.595164179801940918e-01 1.781248450279235840e-01
2.208065986633300781e-01 2.137782573699951172e-01
1.913167834281921387e-01 2.171031832695007324e-01
1.852606534957885742e-01 1.695366501808166504e-01
1.235684752464294434e-01 1.554107069969177246e-01
6.831961870193481445e-02 1.683973073959350586e-01
3.308343887329101562e-02 1.790883541107177734e-01
0.000000000000000000e+00 1.802706718444824219e-01
1.292116045951843262e-01 9.154474735260009766e-02
1.000953316688537598e-01 1.076421141624450684e-01
1.467567086219787598e-01 1.392737627029418945e-01
1.776289939880371094e-01 1.512073278427124023e-01
1.535615324974060059e-01 3.975540399551391602e-02
1.638275980949401855e-01 7.389980554580688477e-02
2.086053490638732910e-01 1.083670258522033691e-01
2.272118926048278809e-01 1.151108741760253906e-01
1.895298957824707031e-01 0.000000000000000000e+00
2.063966989517211914e-01 3.327858448028564453e-02
2.331282496452331543e-01 6.433963775634765625e-02
2.393621206283569336e-01 6.773072481155395508e-02
