1.000000000000000000e+00 5.645436686880971333e-01
9.026494579398932627e-01 7.690635108617851490e-01
7.717967831272484203e-01 9.541710196222491502e-01
6.742364015280667422e-01 1.000000000000000000e+00
6.495390488549936947e-01 7.944898209819402091e-01
3.921244285406127461e-01 7.422954715015086524e-01
2.274554052925663317e-01 8.463995940187009070e-01
1.123513509752211009e-01 9.271248960565603436e-01
0.000000000000000000e+00 9.712004310846203969e-01
3.907842823444273583e-01 4.416997004373063307e-01
3.544570353000118246e-01 5.883068837743276047e-01
5.573466453507386342e-01 7.023730753894936729e-01
6.546904464515590494e-01 7.146923679952130737e-01
4.715677209816924176e-01 1.944230591318470702e-01
5.583243018975583283e-01 3.933000642190567775e-01
7.272022931438790749e-01 5.074869032618628539e-01
7.706025460820674633e-01 4.941356152829452508e-01
5.985432569531907721e-01 0.000000000000000000e+00
6.945556098698081327e-01 1.772459492490914834e-01
8.039570300812046710e-01 2.975406319436517122e-01
8.175111421533494127e-01 2.926755108985744647e-01
