1.000000000000000000e+00 1.000000000000000000e+00
9.295365079769916106e-01 7.349938437462530949e-01
7.415553559459013844e-01 4.766719918778685727e-01
4.755959928937545933e-01 3.095265499577339319e-01
2.427700170004726266e-01 2.350065545936902422e-01
8.441595446136875847e-01 2.672428650610431111e-01
4.099660389058167320e-01 8.636029987991751533e-02
1.857116327706625769e-01 3.065175821045680246e-02
8.141815663229642897e-02 0.000000000000000000e+00
8.119511011253148780e-01 3.402817964851204136e-01
1.143128357952004903e-01 2.650021528372312751e-01
0.000000000000000000e+00 4.201709739091340490e-01
4.886619679581340192e-02 5.094855950067788131e-01
7.418729690891078254e-01 4.619011864725356409e-01
1.317074356544464531e-01 4.856006115619069252e-01
2.032748027172063543e-01 6.205770004121516914e-01
3.718986889790231731e-01 6.588544664016271479e-01
6.520980400439637670e-01 6.041005394003242657e-01
2.121448570979962145e-01 6.583984772604940527e-01
2.839505336458720830e-01 7.568014543611517597e-01
4.294125711042974802e-01 7.741902939968969832e-01
