2.370028495788574219e-01 1.051201820373535156e-01
2.196364402770996094e-01 1.518512964248657227e-01
1.937825679779052734e-01 2.029275298118591309e-01
1.695339679718017578e-01 2.304596304893493652e-01
1.617223620414733887e-01 1.897758245468139648e-01
8.428186178207397461e-02 1.620604991912841797e-01
4.992896318435668945e-02 2.096014022827148438e-01
2.360785007476806641e-02 2.469415068626403809e-01
0.000000000000000000e+00 2.730569243431091309e-01
7.794332504272460938e-02 9.896069765090942383e-02
7.043892145156860352e-02 1.491774320602416992e-01
1.272779107093811035e-01 1.647769808769226074e-01
1.552764177322387695e-01 1.564305424690246582e-01
9.511852264404296875e-02 4.468095302581787109e-02
1.237818598747253418e-01 1.001921296119689941e-01
1.694389581680297852e-01 1.162934899330139160e-01
1.807769536972045898e-01 1.044553518295288086e-01
1.260430812835693359e-01 0.000000000000000000e+00
1.547843813896179199e-01 4.597055912017822266e-02
1.848885416984558105e-01 6.578284502029418945e-02
1.895011663436889648e-01 5.926096439361572266e-02
