2.115771174430847168e-01 7.910823822021484375e-02
1.986856460571289062e-01 1.333072781562805176e-01
1.778210997581481934e-01 1.889221072196960449e-01
1.626210212707519531e-01 2.259892225265502930e-01
1.541854739189147949e-01 1.987396478652954102e-01
6.781685352325439453e-02 1.611516475677490234e-01
4.046666622161865234e-02 2.158294916152954102e-01
1.886874437332153320e-02 2.604598402976989746e-01
0.000000000000000000e+00 2.946932911872863770e-01
5.816721916198730469e-02 1.029595136642456055e-01
5.633240938186645508e-02 1.633545160293579102e-01
1.171674132347106934e-01 1.734641194343566895e-01
1.443375349044799805e-01 1.620922684669494629e-01
7.107371091842651367e-02 4.841661453247070312e-02
1.082325577735900879e-01 1.065832972526550293e-01
1.542494893074035645e-01 1.125553846359252930e-01
1.616148352622985840e-01 9.580385684967041016e-02
9.739184379577636719e-02 0.000000000000000000e+00
1.294543147087097168e-01 4.745894670486450195e-02
1.618053913116455078e-01 6.118273735046386719e-02
1.645288467407226562e-01 5.219125747680664062e-02
