1.784856915473937988e-01 5.027711391448974609e-02
1.732695698738098145e-01 1.129527688026428223e-01
1.596294045448303223e-01 1.781270503997802734e-01
1.535397171974182129e-01 2.137126326560974121e-01
1.428604125976562500e-01 1.855573058128356934e-01
4.781460762023925781e-02 1.635761260986328125e-01
2.719259262084960938e-02 2.334055304527282715e-01
1.430529356002807617e-02 2.846351265907287598e-01
0.000000000000000000e+00 3.245548605918884277e-01
3.228372335433959961e-02 1.054399013519287109e-01
3.765046596527099609e-02 1.778200268745422363e-01
1.010776758193969727e-01 1.804991960525512695e-01
1.280555129051208496e-01 1.651668548583984375e-01
4.113107919692993164e-02 4.924440383911132812e-02
8.683055639266967773e-02 1.146975755691528320e-01
1.342572569847106934e-01 1.106899976730346680e-01
1.384908556938171387e-01 8.918583393096923828e-02
6.467527151107788086e-02 0.000000000000000000e+00
1.061244606971740723e-01 5.428934097290039062e-02
1.398530602455139160e-01 5.989748239517211914e-02
1.400583386421203613e-01 4.679298400878906250e-02
