2.496731281280517578e-01 9.719884395599365234e-02
2.339900732040405273e-01 1.375722885131835938e-01
2.097852230072021484e-01 1.883736848831176758e-01
1.922804117202758789e-01 2.169806957244873047e-01
1.898398995399475098e-01 1.841498613357543945e-01
1.032758951187133789e-01 1.548647284507751465e-01
5.815100669860839844e-02 1.836602091789245605e-01
2.748781442642211914e-02 2.044759392738342285e-01
0.000000000000000000e+00 2.182178497314453125e-01
9.673166275024414062e-02 9.598422050476074219e-02
9.592694044113159180e-02 1.447141170501708984e-01
1.499487757682800293e-01 1.584942340850830078e-01
1.759775876998901367e-01 1.519455313682556152e-01
1.122099757194519043e-01 4.490768909454345703e-02
1.449309587478637695e-01 9.535181522369384766e-02
1.866958737373352051e-01 1.061335206031799316e-01
1.974845528602600098e-01 9.419417381286621094e-02
1.405182480812072754e-01 0.000000000000000000e+00
1.716523766517639160e-01 4.356884956359863281e-02
2.005096077919006348e-01 5.918878316879272461e-02
2.055805921554565430e-01 5.309498310089111328e-02
