1.000000000000000000e+00 7.955181325917352053e-01
8.495113709305744942e-01 9.220002716997739434e-01
6.809342806594720354e-01 1.000000000000000000e+00
6.197834741510893641e-01 9.264375668723875412e-01
6.350590958737253322e-01 7.165831732512695229e-01
3.400111699258698827e-01 5.624971230137567613e-01
1.627250204131989453e-01 3.515963484448555998e-01
7.489369070882426205e-02 1.891979130762813932e-01
0.000000000000000000e+00 2.064834077888016983e-02
4.287684212411077556e-01 3.052215756565984095e-01
3.938240170085055003e-01 2.811517263601548966e-01
5.645742636960975336e-01 5.183773460770257913e-01
6.651514255881564308e-01 6.458034173544301426e-01
5.649887822450667674e-01 1.257652783407002817e-01
6.495326609956931785e-01 2.481741662914889457e-01
7.785862660929467882e-01 4.877238295297235959e-01
8.192095744464276130e-01 5.851231462384738347e-01
7.288935862207166494e-01 0.000000000000000000e+00
8.174305785673307012e-01 1.318622437236790790e-01
8.922433277843443422e-01 3.403803123200129233e-01
8.907564571075091697e-01 4.252595462613774080e-01
