1.000000000000000000e+00 1.000000000000000000e+00
6.887859893219235863e-01 9.680318914270001907e-01
4.266756566673913231e-01 8.783159713190649143e-01
3.887513666166405590e-01 7.246271823001364520e-01
5.304993126220239885e-01 5.987609676606445719e-01
2.029450654243101781e-01 5.402745470551235663e-01
5.717857509188670195e-02 2.886534242882632384e-01
2.429015577416753988e-02 1.360638504148574401e-01
0.000000000000000000e+00 0.000000000000000000e+00
4.497706464573690832e-01 4.908927964587301296e-01
3.362403802966349997e-01 3.162196052148874559e-01
4.716025551486483502e-01 4.884709086327236327e-01
5.757671869874640969e-01 6.285953354633019297e-01
7.053121172116854076e-01 4.710952695914662480e-01
6.512940454898237252e-01 3.782063538283697568e-01
7.624822904337360541e-01 5.584884474312348246e-01
8.340707724504088372e-01 6.771766588048349078e-01
9.624128349764240475e-01 4.865268449687767394e-01
9.004987559981474377e-01 3.944398765798262096e-01
9.413605497903558827e-01 5.307133345539327696e-01
9.693534796168887802e-01 6.265234128772344535e-01
