5.892586448863889048e-01 1.000000000000000000e+00
2.231266329605704757e-01 8.987172274597711175e-01
0.000000000000000000e+00 7.242724865806942081e-01
4.739502222665736147e-02 5.718602014273327372e-01
2.939914662151848490e-01 4.949999855004799110e-01
1.963273688737154632e-01 4.486395100322179141e-01
2.672154584044587611e-01 2.301126032728316728e-01
3.634791050815808777e-01 1.039211777090178340e-01
4.633703079934358149e-01 0.000000000000000000e+00
4.772614931459525645e-01 4.820250899695220359e-01
4.710389593366126060e-01 2.698804369575367179e-01
3.566011671267885763e-01 3.909141657411139836e-01
3.045654607089443022e-01 5.159826759734252866e-01
7.420151690118154120e-01 5.431062031846746185e-01
6.935533179729153064e-01 4.297621498728392275e-01
5.685795869939064273e-01 5.873884624418931333e-01
5.365540033987989954e-01 6.988117643306006599e-01
1.000000000000000000e+00 6.337589425790006725e-01
9.293398219753203904e-01 5.428995850237356979e-01
7.997676909435409431e-01 6.438221894855280514e-01
7.566674686558253482e-01 7.211447951072819107e-01
