4.057389497756958008e-02 3.788019418716430664e-01
6.083667278289794922e-03 3.163199424743652344e-01
0.000000000000000000e+00 2.255048751831054688e-01
1.659303903579711914e-02 1.608203649520874023e-01
5.574095249176025391e-02 1.402289867401123047e-01
7.695949077606201172e-02 1.482915878295898438e-01
1.195271015167236328e-01 7.076019048690795898e-02
1.477584242820739746e-01 2.939903736114501953e-02
1.759657263755798340e-01 0.000000000000000000e+00
1.056131124496459961e-01 1.796492934226989746e-01
1.274129748344421387e-01 1.001265048980712891e-01
8.887314796447753906e-02 1.216591596603393555e-01
6.698304414749145508e-02 1.500379443168640137e-01
1.298583745956420898e-01 2.202163934707641602e-01
1.240091323852539062e-01 1.709263324737548828e-01
8.246135711669921875e-02 2.227647900581359863e-01
7.151347398757934570e-02 2.583582401275634766e-01
1.490283012390136719e-01 2.720990777015686035e-01
1.376822590827941895e-01 2.290058732032775879e-01
1.053696870803833008e-01 2.620728015899658203e-01
1.005313396453857422e-01 2.857021689414978027e-01
