1.160331361794252614e-01 1.000000000000000000e+00
0.000000000000000000e+00 7.919001682486001004e-01
4.171787138679772938e-02 5.048360850760092999e-01
1.626087537901750035e-01 3.249007219960968751e-01
3.597812181879165849e-01 2.768215247741814822e-01
4.367235543764055317e-01 3.605257343881444476e-01
6.873284298024199268e-01 1.745927973170862957e-01
8.524034024644844276e-01 7.038328957170250644e-02
1.000000000000000000e+00 0.000000000000000000e+00
5.543912319429055158e-01 4.667408065169423859e-01
7.046235729234009426e-01 2.482491807086268376e-01
5.610096838814301323e-01 2.282733770666394713e-01
4.531872997560916216e-01 2.582561131740919724e-01
6.513662813386175143e-01 5.979493993751575642e-01
6.563345262529501900e-01 4.393584530759186424e-01
4.391424965934233038e-01 5.662300063164036334e-01
3.449332713794684424e-01 6.801129234185623318e-01
7.224734474444450827e-01 7.594965571351285361e-01
7.037264354549175316e-01 6.186554486770957650e-01
5.357194709602448590e-01 6.984589957767901591e-01
4.821485868895961646e-01 7.802047307880776161e-01
