1.203174591064453125e-01 4.174329340457916260e-01
1.553905606269836426e-01 3.204011619091033936e-01
1.478024125099182129e-01 2.366882860660552979e-01
1.166079044342041016e-01 1.959658861160278320e-01
7.795482873916625977e-02 1.882314383983612061e-01
1.465093493461608887e-01 1.810903847217559814e-01
1.343047618865966797e-01 9.471914172172546387e-02
1.229484677314758301e-01 4.108110070228576660e-02
1.141446232795715332e-01 0.000000000000000000e+00
1.004760861396789551e-01 1.831322610378265381e-01
6.349372863769531250e-02 1.374432146549224854e-01
6.083399057388305664e-02 1.706765592098236084e-01
7.287549972534179688e-02 1.987385153770446777e-01
5.710273981094360352e-02 2.087915539741516113e-01
2.723234891891479492e-02 1.770794987678527832e-01
2.993905544281005859e-02 2.087065279483795166e-01
4.298067092895507812e-02 2.319932878017425537e-01
1.878690719604492188e-02 2.480066716670989990e-01
0.000000000000000000e+00 2.297401130199432373e-01
7.950484752655029297e-03 2.571509778499603271e-01
2.051180601119995117e-02 2.798022925853729248e-01
