1.000000000000000000e+00 1.000000000000000000e+00
8.900147070269428529e-01 7.537736848032055015e-01
6.535023641505273151e-01 5.263631572890317134e-01
3.412536970255159452e-01 4.099520943073385326e-01
9.307383349115956606e-02 4.019775351134284302e-01
6.996118123208240336e-01 3.614639105675548914e-01
4.192710698024361693e-01 1.976081979387770970e-01
2.238577326207370766e-01 8.610367209800558197e-02
6.106497035893577313e-02 0.000000000000000000e+00
6.912683716224105046e-01 4.481424721911334563e-01
0.000000000000000000e+00 4.385850222186316039e-01
6.235892928952250017e-03 5.623057736975314302e-01
1.401229423134299212e-01 6.096768827410987690e-01
6.430371875364837564e-01 5.859292783350973366e-01
1.489390509670640399e-02 6.228993418292765316e-01
9.416186161449753567e-02 7.148961619052955907e-01
2.598254939096369398e-01 7.274438506001426052e-01
5.825085291027254364e-01 7.377063003967480048e-01
1.112212831921545186e-01 7.724508767330435788e-01
1.950152583377654514e-01 8.405526576354327428e-01
3.499968380702824233e-01 8.478508554133397102e-01
