1.401774883270263672e-01 4.216350317001342773e-01
1.648888587951660156e-01 3.232330679893493652e-01
1.457629203796386719e-01 2.370002865791320801e-01
1.097971796989440918e-01 2.001034319400787354e-01
7.199048995971679688e-02 1.959185898303985596e-01
1.484049558639526367e-01 1.886574625968933105e-01
1.284607648849487305e-01 9.789240360260009766e-02
1.108928918838500977e-01 4.192578792572021484e-02
9.906685352325439453e-02 0.000000000000000000e+00
1.063150167465209961e-01 1.948742568492889404e-01
5.641657114028930664e-02 1.381855905055999756e-01
5.137115716934204102e-02 1.723147928714752197e-01
6.532800197601318359e-02 2.022560238838195801e-01
6.523609161376953125e-02 2.200656533241271973e-01
2.192389965057373047e-02 1.977561414241790771e-01
2.475023269653320312e-02 2.315824031829833984e-01
4.139721393585205078e-02 2.514521479606628418e-01
2.852469682693481445e-02 2.568214535713195801e-01
0.000000000000000000e+00 2.546979188919067383e-01
6.823688745498657227e-03 2.849951982498168945e-01
2.186721563339233398e-02 3.038423061370849609e-01
