1.594105958938598633e-01 4.050824642181396484e-01
1.737569570541381836e-01 3.041824102401733398e-01
1.469248533248901367e-01 2.188995480537414551e-01
1.024419665336608887e-01 1.828379631042480469e-01
6.157600879669189453e-02 1.779006421566009521e-01
1.426712274551391602e-01 1.718475818634033203e-01
9.956431388854980469e-02 8.958312869071960449e-02
7.227504253387451172e-02 3.913629055023193359e-02
5.435794591903686523e-02 0.000000000000000000e+00
1.077092885971069336e-01 1.876830160617828369e-01
3.810310363769531250e-02 1.541420817375183105e-01
3.640991449356079102e-02 1.912683248519897461e-01
5.573308467864990234e-02 2.122465372085571289e-01
7.319962978363037109e-02 2.226690649986267090e-01
1.311257481575012207e-02 2.106878161430358887e-01
2.029347419738769531e-02 2.439379096031188965e-01
4.248571395874023438e-02 2.550345063209533691e-01
4.193842411041259766e-02 2.683150172233581543e-01
0.000000000000000000e+00 2.670413851737976074e-01
1.077082753181457520e-02 2.958632707595825195e-01
2.999538183212280273e-02 3.094632625579833984e-01
