1.932484507560729980e-01 3.821014165878295898e-01
1.864060759544372559e-01 2.744479179382324219e-01
1.412625908851623535e-01 1.965397596359252930e-01
8.766180276870727539e-02 1.845726966857910156e-01
4.513275623321533203e-02 2.057814598083496094e-01
1.289418339729309082e-01 1.485930383205413818e-01
6.691181659698486328e-02 7.839816808700561523e-02
2.826303243637084961e-02 3.551137447357177734e-02
0.000000000000000000e+00 0.000000000000000000e+00
9.833467006683349609e-02 1.797393858432769775e-01
2.388334274291992188e-02 1.727907061576843262e-01
3.106170892715454102e-02 2.117458581924438477e-01
5.416560173034667969e-02 2.262653112411499023e-01
7.183533906936645508e-02 2.287359833717346191e-01
1.045233011245727539e-02 2.363707423210144043e-01
2.493679523468017578e-02 2.671552300453186035e-01
4.855203628540039062e-02 2.732064127922058105e-01
5.051934719085693359e-02 2.856885194778442383e-01
1.065617799758911133e-02 2.964146137237548828e-01
2.738958597183227539e-02 3.191190958023071289e-01
4.863899946212768555e-02 3.264329433441162109e-01
