2.544898986816406250e-01 3.384879231452941895e-01
2.294986248016357422e-01 2.339855432510375977e-01
1.731045246124267578e-01 1.610581874847412109e-01
1.154301762580871582e-01 1.472821831703186035e-01
7.139945030212402344e-02 1.671545505523681641e-01
1.579217314720153809e-01 1.162017583847045898e-01
8.384388685226440430e-02 6.030774116516113281e-02
3.621459007263183594e-02 2.843588590621948242e-02
0.000000000000000000e+00 0.000000000000000000e+00
1.354326605796813965e-01 1.529146432876586914e-01
4.643636941909790039e-02 1.630356609821319580e-01
5.833142995834350586e-02 2.025176882743835449e-01
8.521854877471923828e-02 2.107943892478942871e-01
1.173353791236877441e-01 2.063682675361633301e-01
4.812961816787719727e-02 2.304113507270812988e-01
6.733614206314086914e-02 2.578639388084411621e-01
9.309047460556030273e-02 2.549128532409667969e-01
1.038990616798400879e-01 2.666083574295043945e-01
6.010448932647705078e-02 2.873031497001647949e-01
7.902228832244873047e-02 3.079070448875427246e-01
1.007421016693115234e-01 3.087846636772155762e-01
