3.161717057228088379e-01 2.808417677879333496e-01
2.785301804542541504e-01 1.800763010978698730e-01
2.089422941207885742e-01 1.174971163272857666e-01
1.495042443275451660e-01 1.168035566806793213e-01
1.090520024299621582e-01 1.514825820922851562e-01
1.741766929626464844e-01 7.032042741775512695e-02
9.136831760406494141e-02 3.661412000656127930e-02
3.962290287017822266e-02 1.734262704849243164e-02
0.000000000000000000e+00 0.000000000000000000e+00
1.574133634567260742e-01 1.095243692398071289e-01
7.563549280166625977e-02 1.510931253433227539e-01
9.207314252853393555e-02 1.856895089149475098e-01
1.178579926490783691e-01 1.870557069778442383e-01
1.484239101409912109e-01 1.668208837509155273e-01
8.296829462051391602e-02 2.115190625190734863e-01
1.052205562591552734e-01 2.346056699752807617e-01
1.296957135200500488e-01 2.264563441276550293e-01
1.455762982368469238e-01 2.318404912948608398e-01
9.906280040740966797e-02 2.639262080192565918e-01
1.209149956703186035e-01 2.809543013572692871e-01
1.439473628997802734e-01 2.785376310348510742e-01
