1.000000000000000000e+00 8.350933260549679993e-01
8.190450898919422462e-01 6.058085174340176460e-01
5.943834676348542789e-01 4.411339112476477253e-01
4.106186203227987219e-01 4.127443275851248039e-01
2.912395391191849314e-01 4.690615717799084816e-01
4.877737751535824451e-01 1.710489590777093949e-01
2.580846719662073796e-01 1.243894830571323357e-01
1.175989519091501651e-01 6.983376472940351631e-02
0.000000000000000000e+00 0.000000000000000000e+00
4.991345911100677490e-01 2.394885706337755438e-01
2.345380141810741725e-01 5.682689666487308333e-01
3.316271440064966769e-01 7.093808355347555050e-01
4.255064382653421240e-01 6.767639624038587209e-01
5.309403542008414023e-01 3.970432494889094555e-01
3.142685079138428095e-01 7.660556713436140752e-01
4.138679378661809793e-01 8.685730301400476083e-01
4.901002629237534158e-01 7.960386394564793466e-01
5.737645376816150611e-01 5.969070363107444877e-01
4.145076769509298265e-01 9.130883537732669142e-01
4.898153701533620730e-01 1.000000000000000000e+00
5.578043171657641741e-01 9.508817468635628600e-01
