3.314195871353149414e-01 2.135117650032043457e-01
2.470708489418029785e-01 2.490654587745666504e-01
1.788403987884521484e-01 2.493276596069335938e-01
1.332803368568420410e-01 2.472527027130126953e-01
1.180591583251953125e-01 2.226319909095764160e-01
1.358712911605834961e-01 8.120802044868469238e-02
7.613551616668701172e-02 5.195698142051696777e-02
3.435021638870239258e-02 2.669095993041992188e-02
0.000000000000000000e+00 0.000000000000000000e+00
1.617878079414367676e-01 5.367231369018554688e-02
8.416670560836791992e-02 1.277709007263183594e-01
1.234358549118041992e-01 1.972897648811340332e-01
1.621021628379821777e-01 2.091913223266601562e-01
1.949341893196105957e-01 5.038630962371826172e-02
1.332303881645202637e-01 1.488232612609863281e-01
1.734325885772705078e-01 1.962692141532897949e-01
2.050780653953552246e-01 1.894443631172180176e-01
2.319790720939636230e-01 6.904375553131103516e-02
1.852520704269409180e-01 1.552244424819946289e-01
2.111076712608337402e-01 1.863323450088500977e-01
2.362493872642517090e-01 1.721293926239013672e-01
