1.000000000000000000e+00 8.080039882538568863e-01
8.030039272662153893e-01 9.626543034883430217e-01
6.102965353462331821e-01 1.000000000000000000e+00
4.780475221861062440e-01 9.990749580257735074e-01
4.432244633178283322e-01 9.088356066073842721e-01
4.095893753802190007e-01 3.519008310054047017e-01
2.292458702367367041e-01 2.122208975716498858e-01
1.015533601202564945e-01 1.083044864280354597e-01
0.000000000000000000e+00 0.000000000000000000e+00
4.889810849118085834e-01 1.933686340792410141e-01
2.828173664781923335e-01 4.488241342480573381e-01
4.200999217507871419e-01 7.461850318912178759e-01
5.355282183194458590e-01 7.902506909721317419e-01
5.989974159869689840e-01 1.183453547926726079e-01
4.516135826673983722e-01 4.915045289258224703e-01
5.833419331970809418e-01 7.074147400918094908e-01
6.726184774072693218e-01 6.749820840158774482e-01
7.275556114485498549e-01 1.342267318231295248e-01
6.209999066720166550e-01 4.851686809698281255e-01
7.034561934397389749e-01 6.193694901644695161e-01
7.690004625860100695e-01 5.422618016916366246e-01
