1.000000000000000000e+00 7.027681465149550055e-01
8.437151441048873490e-01 8.874013157405022945e-01
6.609468787373533605e-01 1.000000000000000000e+00
5.281534069920658103e-01 9.907229724599643239e-01
5.670696201696274752e-01 8.197000306182352647e-01
4.338241306199466241e-01 4.678029654530034831e-01
2.373749987358242941e-01 3.028392830469759378e-01
1.038113654451672530e-01 2.218908968562466333e-01
0.000000000000000000e+00 1.137778833122677913e-01
5.125664206480773366e-01 2.712711133078165027e-01
3.579235361402547388e-01 3.611155359506217910e-01
5.112923029612908010e-01 6.243479978304226075e-01
6.230822883242790322e-01 6.672879637583313261e-01
6.204545170154620592e-01 1.174521956053651839e-01
5.134659995018718837e-01 2.811315993586546713e-01
6.465489889079938379e-01 5.157080975555532465e-01
7.316442117637419473e-01 5.199832368883734457e-01
7.542733852362448754e-01 0.000000000000000000e+00
6.521487301419425231e-01 1.685747236294866114e-01
7.325667600471112983e-01 3.815086701215151810e-01
7.971209705578194971e-01 4.023992885850554146e-01
