3.726965785026550293e-01 1.606974005699157715e-01
3.257782459259033203e-01 2.209217548370361328e-01
2.589308619499206543e-01 2.563222050666809082e-01
2.268702983856201172e-01 2.144753336906433105e-01
2.278767824172973633e-01 1.486458182334899902e-01
1.661531329154968262e-01 1.733567118644714355e-01
8.871704339981079102e-02 1.494024991989135742e-01
4.167494177818298340e-02 1.328604221343994141e-01
0.000000000000000000e+00 1.157039403915405273e-01
1.884992718696594238e-01 1.117993295192718506e-01
1.308280229568481445e-01 1.102336943149566650e-01
1.944101452827453613e-01 1.374774575233459473e-01
2.422571182250976562e-01 1.477288603782653809e-01
2.233201265335083008e-01 5.735754966735839844e-02
1.827672123908996582e-01 5.392086505889892578e-02
2.424064278602600098e-01 9.048894047737121582e-02
2.812332510948181152e-01 1.073563694953918457e-01
2.668527960777282715e-01 6.967127323150634766e-03
2.267469763755798340e-01 0.000000000000000000e+00
2.604443430900573730e-01 3.922137618064880371e-02
2.853848934173583984e-01 6.007218360900878906e-02
