1.749255061149597168e-01 2.766227126121520996e-01
1.424146890640258789e-01 1.981281042098999023e-01
9.018450975418090820e-02 1.354166269302368164e-01
3.406906127929687500e-02 1.220551729202270508e-01
0.000000000000000000e+00 1.454354524612426758e-01
1.272506713867187500e-01 7.766580581665039062e-02
9.170830249786376953e-02 4.063671827316284180e-02
5.928343534469604492e-02 1.607781648635864258e-02
3.131264448165893555e-02 0.000000000000000000e+00
1.310011148452758789e-01 1.174232959747314453e-01
2.419984340667724609e-02 1.273193359375000000e-01
2.658772468566894531e-02 1.671190857887268066e-01
4.733884334564208984e-02 1.797898411750793457e-01
1.265552043914794922e-01 1.714870333671569824e-01
2.595138549804687500e-02 1.890138983726501465e-01
4.182261228561401367e-02 2.159349918365478516e-01
6.861096620559692383e-02 2.166535258293151855e-01
1.180281639099121094e-01 2.268255949020385742e-01
4.116511344909667969e-02 2.350628972053527832e-01
5.505436658859252930e-02 2.545473575592041016e-01
7.980996370315551758e-02 2.552371025085449219e-01
