1.000000000000000000e+00 5.957222164603603876e-01
8.864193493209155950e-01 8.525795602319079514e-01
7.381016724791733541e-01 1.000000000000000000e+00
6.602255710521401921e-01 8.467898388109644792e-01
6.391252963792120045e-01 6.054215954329583704e-01
4.716279716851341508e-01 7.512535088789025206e-01
2.528099328145058111e-01 7.070834050400208737e-01
1.201345658873954336e-01 6.688486774247592859e-01
0.000000000000000000e+00 6.216298521683532030e-01
5.111154633276503434e-01 4.900649292183761885e-01
3.723139290762476072e-01 4.908296739178748536e-01
5.433104041769870607e-01 5.461939989765414172e-01
6.723535189294878034e-01 5.649544059438100785e-01
5.885260254758368781e-01 2.572304844788738110e-01
4.902991390930112603e-01 2.426483644606840240e-01
6.488407747125021219e-01 3.465446874177272596e-01
7.570130568872994736e-01 4.044104456603872522e-01
6.912596743395874599e-01 4.436203082456802171e-02
5.920424474214345256e-01 0.000000000000000000e+00
6.806932954183440021e-01 1.284938632372064904e-01
7.528545773658383844e-01 2.194414970304883472e-01
