1.000000000000000000e+00 7.206257622950934527e-01
8.873022960678764726e-01 9.503194812869244501e-01
7.483398659421374166e-01 1.000000000000000000e+00
7.149925009908038032e-01 7.584584707000955328e-01
7.215434485117894203e-01 5.019558864234573425e-01
4.742486131707086550e-01 8.062854424917346163e-01
2.514150477618332657e-01 7.198905982554907323e-01
1.186503409462162234e-01 6.399311232979785213e-01
0.000000000000000000e+00 5.729876693152798905e-01
5.220668833792577734e-01 5.331682676127800224e-01
4.100142181624810700e-01 4.316248432233512622e-01
5.741380520193887227e-01 4.725210852048120080e-01
6.846958881623477211e-01 5.353193809311984630e-01
6.013976470294790655e-01 3.011326427303478992e-01
5.204831759900361288e-01 1.914438341675305799e-01
6.700761156734699187e-01 2.772969908685624651e-01
7.580332854816482779e-01 3.740138882989424429e-01
7.014343744541304826e-01 1.076398013610103538e-01
6.211755191231641549e-01 0.000000000000000000e+00
7.133660120323558340e-01 1.130684626763051731e-01
7.735096365484682712e-01 2.329191053497070285e-01
