1.000000000000000000e+00 8.898079518390031861e-01
8.201267795739377586e-01 1.000000000000000000e+00
6.413554027982526495e-01 9.212654634014517674e-01
6.280148814669204160e-01 6.510187652721184381e-01
6.842064187992517033e-01 4.328348307674275142e-01
3.991174406579062750e-01 6.026398278941121900e-01
2.026587889052984259e-01 3.440802175905501303e-01
9.423865368145643850e-02 1.599710145163469599e-01
0.000000000000000000e+00 0.000000000000000000e+00
5.112727867462324438e-01 4.255728926714995031e-01
3.702920872319556134e-01 2.288135731181412946e-01
5.111677222742457838e-01 3.751293195370787870e-01
6.217887004138136220e-01 5.167848822917497920e-01
6.425159118898404742e-01 2.839048151229176531e-01
5.471150602631855708e-01 1.225184079391410663e-01
6.818386460371717028e-01 3.200968868890541885e-01
7.657654262333186690e-01 4.787814212898824917e-01
7.890817391814481940e-01 1.827486516581389719e-01
6.972447242213162255e-01 2.730575411909688319e-02
7.705733258016388421e-01 2.021063924346341023e-01
8.214268413059816476e-01 3.533188826466408528e-01
