2.485361099243164062e-01 3.993412852287292480e-01
1.753408312797546387e-01 4.084182381629943848e-01
1.089015007019042969e-01 3.619800209999084473e-01
1.119922399520874023e-01 2.809225916862487793e-01
1.503468751907348633e-01 2.293606996536254883e-01
5.801761150360107422e-02 2.255444526672363281e-01
2.042567729949951172e-02 1.294089257717132568e-01
8.065938949584960938e-03 6.049221754074096680e-02
0.000000000000000000e+00 0.000000000000000000e+00
1.112192273139953613e-01 1.938641667366027832e-01
7.560378313064575195e-02 1.101220846176147461e-01
1.121505498886108398e-01 1.848338842391967773e-01
1.423953175544738770e-01 2.479442358016967773e-01
1.661220192909240723e-01 1.748017668724060059e-01
1.446405649185180664e-01 1.185447573661804199e-01
1.773109436035156250e-01 2.056903839111328125e-01
1.984473466873168945e-01 2.662038207054138184e-01
2.226863503456115723e-01 1.707324981689453125e-01
1.999813914299011230e-01 1.230422258377075195e-01
2.137303948402404785e-01 1.873037815093994141e-01
2.250732779502868652e-01 2.365211248397827148e-01
