9.459307788263890959e-01 1.000000000000000000e+00
5.340160530526775196e-01 9.806745630158035798e-01
1.707463098181445094e-01 8.397144920261241374e-01
1.829073149457576264e-01 6.548700778680189849e-01
4.225079447538970245e-01 5.582353511883830777e-01
1.222603826950272726e-01 5.134940597146223640e-01
7.572448779987236978e-03 2.821282433876352580e-01
0.000000000000000000e+00 1.296602156508365189e-01
1.051529465336501629e-02 0.000000000000000000e+00
4.045760499741855587e-01 4.837335131084073980e-01
2.634695245333358860e-01 2.895213399174164648e-01
3.600905589707575349e-01 4.464728792606622032e-01
4.577361540015584818e-01 5.891977217753198159e-01
6.948502602287703889e-01 4.838635125753712463e-01
6.137813821787385660e-01 3.568622142424450194e-01
6.860335876295933222e-01 5.481384702680226484e-01
7.400906231060059293e-01 6.862558095509087019e-01
1.000000000000000000e+00 5.159946001008038907e-01
9.236889953534012099e-01 3.969046705088731253e-01
9.092646573093339235e-01 5.316617728322589054e-01
9.061880894430174305e-01 6.431115813418936122e-01
