8.017366091595573563e-01 1.000000000000000000e+00
3.650277527189748628e-01 9.543686491066871724e-01
0.000000000000000000e+00 7.903390962488199278e-01
3.836248722228515623e-02 6.088127089207256981e-01
3.083335949153906963e-01 5.238465468412409898e-01
6.962233919868544840e-02 4.815519925698772408e-01
8.763908772916294276e-03 2.624796484354276482e-01
4.776920546838428483e-02 1.209384987285798407e-01
1.022353665310534315e-01 0.000000000000000000e+00
3.736790674758878050e-01 4.682859579836635144e-01
2.657501968689310323e-01 2.813311140508824582e-01
3.258723306688357524e-01 4.468364202951458086e-01
3.962633799222350928e-01 5.881739635145895040e-01
6.787313998097502799e-01 4.821735919115536229e-01
6.084495326324753650e-01 3.623946569587997990e-01
6.397148437126819465e-01 5.587415011551427613e-01
6.769032824226410838e-01 6.922012538089916678e-01
1.000000000000000000e+00 5.272497184513503798e-01
9.347183307152381326e-01 4.161910398126384414e-01
8.880723358549843516e-01 5.491219727615459512e-01
8.671035769412914762e-01 6.504257083410346363e-01
