7.049646302773072692e-01 1.000000000000000000e+00
3.189465954201620712e-01 9.337066570388936615e-01
0.000000000000000000e+00 7.546443486101527265e-01
4.161685877130703176e-02 5.897140532847118255e-01
3.305431541227818459e-01 5.439009975975427347e-01
1.808342862818826391e-01 4.505148089658945754e-01
1.609630834864141935e-01 2.338479180018163406e-01
1.947185462164688907e-01 1.053768382139676635e-01
2.458232429070797975e-01 0.000000000000000000e+00
4.535973664573147435e-01 4.637843598497733422e-01
3.532827294487183578e-01 2.836689750737513283e-01
3.390936092734986862e-01 4.646072606464313193e-01
3.758751847200049179e-01 6.115830509119546399e-01
7.230294736756618379e-01 5.006730082505869150e-01
6.468597052538727077e-01 3.738527187398630880e-01
6.082792669735468394e-01 5.695304186735483665e-01
6.247607737327918187e-01 7.024514624268577423e-01
1.000000000000000000e+00 5.663738579974634257e-01
9.367643021152490812e-01 4.553255243802778462e-01
8.448667439020923764e-01 5.804809276817192165e-01
8.131922021998040373e-01 6.748685655840217512e-01
