7.708432210093340009e-01 1.000000000000000000e+00
3.837317872885588343e-01 8.989853057908850920e-01
1.215875497485816026e-01 7.310965406505156583e-01
0.000000000000000000e+00 6.033947252575529996e-01
1.036938806530364049e-01 5.861284239000077445e-01
5.237583405455205066e-01 4.488821492869837226e-01
4.916946623610684575e-01 2.436409193358262115e-01
4.484454246815005041e-01 1.110072780280029620e-01
4.663319591402452224e-01 0.000000000000000000e+00
7.072047423620611006e-01 4.645172400020690096e-01
3.534982985442238768e-01 3.242341068816180782e-01
1.691529324908257748e-01 4.816029383616700077e-01
2.190302477580179374e-01 5.862807633472163493e-01
8.670869898346935667e-01 5.139880568492404267e-01
4.673885057899128670e-01 4.371742734903389938e-01
3.667321192042708455e-01 5.982322076583092008e-01
4.770928526449339513e-01 6.840916367607744464e-01
1.000000000000000000e+00 5.978388095872583241e-01
6.171659361418986300e-01 5.382757226138742412e-01
5.217383077261912305e-01 6.532725808855898153e-01
6.254607269264295111e-01 7.235073953381073730e-01
