1.435417532920837402e-01 5.376002490520477295e-01
5.482381582260131836e-02 4.577808082103729248e-01
3.154599666595458984e-02 3.698835670948028564e-01
2.276980876922607422e-02 2.995550334453582764e-01
1.616060733795166016e-02 2.478084266185760498e-01
1.335027217864990234e-01 2.461178004741668701e-01
1.008829474449157715e-01 1.358737647533416748e-01
8.341240882873535156e-02 6.364658474922180176e-02
7.046234607696533203e-02 0.000000000000000000e+00
1.519069075584411621e-01 2.549938857555389404e-01
4.193288087844848633e-02 1.792758405208587646e-01
9.844899177551269531e-04 2.398701608180999756e-01
0.000000000000000000e+00 2.932056486606597900e-01
1.491690874099731445e-01 2.848043143749237061e-01
3.413778543472290039e-02 2.338792979717254639e-01
1.041102409362792969e-02 2.958389222621917725e-01
2.372473478317260742e-02 3.444889485836029053e-01
1.308899521827697754e-01 3.260761201381683350e-01
3.832828998565673828e-02 2.979314625263214111e-01
1.821225881576538086e-02 3.455016911029815674e-01
3.001743555068969727e-02 3.855744302272796631e-01
