8.739049222113381976e-01 1.000000000000000000e+00
1.000000000000000000e+00 8.003278537478314414e-01
9.321869292858216971e-01 5.980639038852556544e-01
6.984187521989146941e-01 4.725351489268736493e-01
4.278515088387248588e-01 4.198713243172118581e-01
9.902557967407156214e-01 4.847333094554188704e-01
7.638091845657718482e-01 2.489284054412500280e-01
6.144723991491933823e-01 1.109876099326386895e-01
5.108482226929460523e-01 0.000000000000000000e+00
8.581756562437499181e-01 5.126347844301081258e-01
2.711727204644691636e-01 3.375975662656588439e-01
1.157793391795876453e-01 4.209073917291195621e-01
1.549090725944785030e-01 4.896308636214810051e-01
6.604623815870726000e-01 5.774835741807112788e-01
9.678071582795252925e-02 4.567450891500466348e-01
6.194041725730185799e-02 5.444986621884962963e-01
1.857734413435387366e-01 5.949816908259870640e-01
4.383241824416749255e-01 6.589810418424020266e-01
3.248554373230831509e-03 5.748145488671960734e-01
0.000000000000000000e+00 6.450376478751151943e-01
1.094446399035324258e-01 6.954528636945719322e-01
