1.748872399330139160e-01 2.093386650085449219e-01
1.489821672439575195e-01 1.365225315093994141e-01
1.002168655395507812e-01 9.065628051757812500e-02
4.964274168014526367e-02 8.430725336074829102e-02
1.408362388610839844e-02 1.036825776100158691e-01
1.286261677742004395e-01 4.888647794723510742e-02
9.141594171524047852e-02 2.251052856445312500e-02
5.489414930343627930e-02 6.019234657287597656e-03
2.409088611602783203e-02 0.000000000000000000e+00
1.366520524024963379e-01 9.617310762405395508e-02
2.798414230346679688e-02 9.502077102661132812e-02
2.365112304687500000e-03 1.293293237686157227e-01
0.000000000000000000e+00 1.543998122215270996e-01
1.346231102943420410e-01 1.556823849678039551e-01
2.637362480163574219e-02 1.707298159599304199e-01
3.661465644836425781e-02 1.898459792137145996e-01
6.476080417633056641e-02 1.948382854461669922e-01
1.265818476676940918e-01 2.139129042625427246e-01
3.881496191024780273e-02 2.185801863670349121e-01
4.996520280838012695e-02 2.260771989822387695e-01
7.893353700637817383e-02 2.262709140777587891e-01
