1.348735094070434570e-01 4.987550675868988037e-01
1.730113029479980469e-01 3.977304995059967041e-01
1.673206686973571777e-01 2.964905202388763428e-01
1.309772133827209473e-01 2.382808327674865723e-01
8.667784929275512695e-02 2.227455079555511475e-01
1.734740734100341797e-01 2.383188605308532715e-01
1.467580795288085938e-01 1.237259805202484131e-01
1.266779303550720215e-01 5.314078927040100098e-02
1.130881905555725098e-01 0.000000000000000000e+00
1.336289644241333008e-01 2.414656579494476318e-01
6.532084941864013672e-02 1.726175248622894287e-01
4.896003007888793945e-02 2.096351683139801025e-01
5.993366241455078125e-02 2.420815527439117432e-01
8.878040313720703125e-02 2.638036906719207764e-01
2.863919734954833984e-02 2.214848697185516357e-01
2.527320384979248047e-02 2.589237987995147705e-01
4.318314790725708008e-02 2.842855751514434814e-01
4.296749830245971680e-02 2.980256974697113037e-01
0.000000000000000000e+00 2.731759250164031982e-01
1.891493797302246094e-03 3.055459558963775635e-01
1.598578691482543945e-02 3.321585953235626221e-01
