7.186807789176655747e-01 1.000000000000000000e+00
1.000000000000000000e+00 8.016383961706529115e-01
9.741850141173322708e-01 6.116744915756051615e-01
7.729821191750125831e-01 5.019652388442320534e-01
5.396520039498042820e-01 4.680710854644536401e-01
9.174636565499509899e-01 4.892257431510144694e-01
8.219380124625471629e-01 2.515911021815056547e-01
7.487849948086834351e-01 1.079277563298519371e-01
6.945449679798241238e-01 0.000000000000000000e+00
6.234945605503980914e-01 4.928445459880284596e-01
4.143117737026366654e-01 3.618765669655217287e-01
4.124578046743867521e-01 4.385247461159667570e-01
4.939572398117237362e-01 5.094240198008809228e-01
3.353126392043481729e-01 5.455403092690024325e-01
1.951365917524970073e-01 4.709782218746189075e-01
2.213790778934602854e-01 5.377975814904665253e-01
3.043148054992386720e-01 5.952295282040371838e-01
6.302681700312834367e-02 6.232226849263410307e-01
0.000000000000000000e+00 5.770863115154447609e-01
5.695746507929248803e-02 6.368247583221993136e-01
1.251176726642039549e-01 6.912360016960115150e-01
