1.109244227409362793e-01 4.941686987876892090e-01
1.722633242607116699e-01 4.075531363487243652e-01
1.849889755249023438e-01 3.241391181945800781e-01
1.481719613075256348e-01 2.711879611015319824e-01
1.114371418952941895e-01 2.505421936511993408e-01
1.399421691894531250e-01 2.310639321804046631e-01
1.233413815498352051e-01 1.173200011253356934e-01
1.099565029144287109e-01 5.206191539764404297e-02
9.773474931716918945e-02 0.000000000000000000e+00
8.545863628387451172e-02 2.332718968391418457e-01
7.389098405838012695e-02 1.781516373157501221e-01
8.012533187866210938e-02 2.135468721389770508e-01
8.865690231323242188e-02 2.486622929573059082e-01
4.020357131958007812e-02 2.638253569602966309e-01
4.050600528717041016e-02 2.338619828224182129e-01
4.917347431182861328e-02 2.650458216667175293e-01
5.609673261642456055e-02 2.957168221473693848e-01
0.000000000000000000e+00 3.035655021667480469e-01
4.973709583282470703e-03 2.847036123275756836e-01
1.808178424835205078e-02 3.122917413711547852e-01
2.607834339141845703e-02 3.383159041404724121e-01
