4.688625007055312599e-01 1.000000000000000000e+00
8.624161994394219377e-01 8.478813421159820951e-01
1.000000000000000000e+00 6.670387492023105436e-01
8.881776292824959951e-01 5.618929344256610170e-01
7.077347353776870520e-01 5.737278503713234556e-01
5.906348330957388315e-01 4.422031003916376823e-01
5.288599339906520092e-01 2.269069887684296571e-01
4.683308690978564837e-01 1.007129130711339748e-01
4.145329666777974875e-01 0.000000000000000000e+00
3.186519764808194988e-01 4.521619905980043819e-01
4.163895781285621434e-01 4.139218085824910576e-01
4.975277238315692907e-01 4.847514521440700608e-01
5.356428091464601193e-01 5.549669460283219724e-01
1.462094130326682395e-01 5.290791106041322633e-01
2.718482144461902839e-01 5.233794160163093290e-01
3.486374496313737192e-01 5.765526930460116439e-01
3.789842809209524321e-01 6.327403044184617409e-01
0.000000000000000000e+00 6.149846310547407713e-01
1.041815064724413986e-01 6.055486058744099509e-01
1.692902970294532239e-01 6.470161628823539735e-01
2.029599835276185149e-01 6.926069913044738957e-01
