7.525527477264404297e-02 4.353452622890472412e-01
1.516491770744323730e-01 3.780831396579742432e-01
1.853364706039428711e-01 3.064918816089630127e-01
1.860402822494506836e-01 2.499878108501434326e-01
1.606385111808776855e-01 2.434565722942352295e-01
1.049492359161376953e-01 1.858775615692138672e-01
9.029018878936767578e-02 9.254559874534606934e-02
7.735133171081542969e-02 3.976041078567504883e-02
6.893622875213623047e-02 0.000000000000000000e+00
5.549925565719604492e-02 1.923900246620178223e-01
8.297711610794067383e-02 1.842883527278900146e-01
9.812766313552856445e-02 2.146489322185516357e-01
1.040176153182983398e-01 2.441840469837188721e-01
2.346616983413696289e-02 2.291411459445953369e-01
5.198198556900024414e-02 2.216030657291412354e-01
6.442648172378540039e-02 2.447050511837005615e-01
6.979495286941528320e-02 2.698575556278228760e-01
0.000000000000000000e+00 2.663592398166656494e-01
2.369385957717895508e-02 2.602183520793914795e-01
3.733319044113159180e-02 2.781315743923187256e-01
4.521101713180541992e-02 3.015368282794952393e-01
