3.114123305936449815e-01 1.000000000000000000e+00
7.637616812864953530e-01 8.292216208826723722e-01
9.593519480567813673e-01 6.503788157986964968e-01
1.000000000000000000e+00 5.422725279230581341e-01
8.494973591605883279e-01 5.571496063487638706e-01
4.169139581329429634e-01 4.008290840449623693e-01
3.813452633210057119e-01 2.038936060804406036e-01
3.368893005996232981e-01 8.626197655291246991e-02
3.140296560294401629e-01 0.000000000000000000e+00
1.990111273547386095e-01 4.550510011677550981e-01
4.409147917795140370e-01 3.759356752570945925e-01
6.204103341048398113e-01 4.284340439280248103e-01
7.190157692504184350e-01 5.036768252592335182e-01
6.738259674816937661e-02 5.393766719574817348e-01
2.620103129930110852e-01 4.748768628566237271e-01
4.419842547710534086e-01 5.089116727109693761e-01
5.464776571554044171e-01 5.660997400651942568e-01
0.000000000000000000e+00 6.267778842456960264e-01
1.511008093206017144e-01 5.768978765575116796e-01
3.055531214549297991e-01 5.852399983477499790e-01
3.890436375410268321e-01 6.343746190301841059e-01
