1.967182867744300956e-01 1.000000000000000000e+00
6.821559634465079736e-01 8.306647324866581750e-01
9.149764646154424641e-01 6.494645218652119745e-01
1.000000000000000000e+00 5.282368033806441598e-01
8.629831648354403528e-01 5.281384316282182745e-01
3.028155496499463917e-01 4.174499366505421416e-01
2.586146245307025526e-01 2.119281462623541223e-01
2.451969482346894602e-01 8.908871947706356598e-02
2.286830056347032569e-01 0.000000000000000000e+00
1.461716610152494211e-01 4.677031324436309867e-01
4.538396209267488435e-01 3.495924469443936200e-01
6.663968924517540415e-01 4.201444309117486897e-01
7.541390624706199031e-01 5.148712033693857437e-01
5.753868765943577490e-02 5.313204652120001592e-01
3.260081668724576498e-01 4.376256904658961666e-01
5.388521877565858320e-01 4.826966038197500475e-01
6.312211291970390992e-01 5.500031559776097367e-01
0.000000000000000000e+00 5.964039690354705492e-01
2.026714698490100219e-01 5.414073319281685892e-01
3.701174262129654502e-01 5.496456178519371072e-01
4.546951681949519819e-01 5.916647078240516722e-01
