1.540819857021536732e-01 1.000000000000000000e+00
6.763321665595750654e-01 8.855847365789890624e-01
9.391564180794514938e-01 6.941237567962837973e-01
1.000000000000000000e+00 5.553829207175261518e-01
8.870892514524760797e-01 5.314848424628397794e-01
3.040053740490943901e-01 4.668319613974184490e-01
2.316242119783779863e-01 2.542567792057779941e-01
2.035973776797228574e-01 1.127699494800512986e-01
1.527303853948083767e-01 0.000000000000000000e+00
1.509263045324442387e-01 4.648253692738106846e-01
5.283705757332026742e-01 3.205975916857888852e-01
7.123423395086968535e-01 4.170061574098512525e-01
7.100071444298160506e-01 5.099969414782130617e-01
5.554996382851570824e-02 4.725117295086803115e-01
3.980561758877740330e-01 3.454003403187693721e-01
5.722841056656676750e-01 4.300137245343129133e-01
5.857956153870348404e-01 5.076967623140434815e-01
0.000000000000000000e+00 4.885090404935863995e-01
1.333191043850623092e-01 3.090043191916808096e-01
2.280753625011795183e-01 2.046196099375564847e-01
2.489550709724961952e-01 1.407106327879745766e-01
