2.928405395880177564e-01 1.000000000000000000e+00
7.251310341569364715e-01 8.919058355244360303e-01
9.410657915800259010e-01 6.948499838003202589e-01
1.000000000000000000e+00 5.588547514487089973e-01
9.145191814686244314e-01 5.116486648964136963e-01
2.769217692706315570e-01 4.618354029486104184e-01
2.114813571998183650e-01 2.468280750261356848e-01
1.792059639075270494e-01 1.037082406333565826e-01
1.395499271194673430e-01 0.000000000000000000e+00
1.310953213250062588e-01 4.658177801072818647e-01
5.158906136074735693e-01 3.104106983189707791e-01
7.313183393404496524e-01 4.214359503585466959e-01
7.771072660973598056e-01 5.288492315879993466e-01
4.986099865417253918e-02 4.822010751962343411e-01
3.997550471693437357e-01 3.315482879515666004e-01
6.070529711023573416e-01 4.264579732103954690e-01
6.633718746315636627e-01 5.235874095063254297e-01
0.000000000000000000e+00 5.082600452874483921e-01
8.117885289774727509e-02 2.916666225609792495e-01
1.396693031330298040e-01 1.586611858360976735e-01
1.705320099609370366e-01 6.945562806349622753e-02
