3.724316567867868577e-01 1.000000000000000000e+00
8.358844408771701762e-01 8.486289473617208978e-01
1.000000000000000000e+00 6.360650547407130651e-01
9.520703880176141221e-01 5.267245597326832840e-01
8.176684945900846158e-01 5.261325294221691484e-01
4.931606236439226576e-01 3.979257672169168591e-01
4.402263558888413475e-01 2.012443270002215179e-01
3.766165401422880699e-01 8.494099840602616081e-02
3.390711690633243514e-01 0.000000000000000000e+00
2.367953067343687157e-01 4.479063498807777099e-01
4.416955717552760174e-01 3.613018855858367018e-01
5.874029219129074386e-01 3.971603063221438856e-01
6.651959657052732844e-01 4.587607381313498767e-01
7.978010084708674066e-02 5.448100148823810107e-01
2.675172376685425735e-01 4.755608150518577104e-01
3.956152457106744680e-01 5.105259484653564828e-01
4.584152277524493058e-01 5.687423871386994012e-01
0.000000000000000000e+00 6.363654880326157226e-01
1.706864188865694631e-01 5.663218473262709995e-01
2.876119433164386896e-01 5.882859771487981559e-01
3.346590661791442600e-01 6.450421093352531887e-01
