2.238997817039489746e-01 2.319277524948120117e-01
2.054871320724487305e-01 1.474657654762268066e-01
1.522719264030456543e-01 7.838177680969238281e-02
9.319740533828735352e-02 5.995005369186401367e-02
4.828631877899169922e-02 7.859694957733154297e-02
1.526470780372619629e-01 4.116481542587280273e-02
8.387148380279541016e-02 1.184397935867309570e-02
3.621935844421386719e-02 5.171298980712890625e-04
0.000000000000000000e+00 0.000000000000000000e+00
1.450268030166625977e-01 9.405231475830078125e-02
3.443539142608642578e-02 9.842920303344726562e-02
4.139399528503417969e-02 1.181248426437377930e-01
6.689226627349853516e-02 1.250798106193542480e-01
1.336616277694702148e-01 1.562572717666625977e-01
3.824007511138916016e-02 1.595756411552429199e-01
5.696165561676025391e-02 1.701710224151611328e-01
8.613055944442749023e-02 1.708248853683471680e-01
1.223915815353393555e-01 2.193151712417602539e-01
4.793405532836914062e-02 2.073598504066467285e-01
6.710547208786010742e-02 2.129402756690979004e-01
9.341472387313842773e-02 2.147978544235229492e-01
