4.596111605973439151e-01 1.000000000000000000e+00
8.603968861006558999e-01 8.484604559713625482e-01
1.000000000000000000e+00 6.722918513044423561e-01
8.647158154948919595e-01 5.753326641954942255e-01
7.030348824975370947e-01 5.965913419827378883e-01
5.794384651293812416e-01 3.942939888113648483e-01
4.812715263827099799e-01 1.952677168697719845e-01
3.971026950576057590e-01 8.725714015546763569e-02
3.383750668372682013e-01 0.000000000000000000e+00
3.121689954678701362e-01 4.072494248937946759e-01
3.835155616289750435e-01 4.238036601418198601e-01
4.388748692180170496e-01 5.017770397787689740e-01
4.928707428169799010e-01 5.733794562637716252e-01
1.477247868843759304e-01 5.086344227752597202e-01
2.462662920180026249e-01 5.213036232519074886e-01
3.104741905555584713e-01 5.816638765847228498e-01
3.475494750054071713e-01 6.412981514991910048e-01
0.000000000000000000e+00 6.249760968424945551e-01
7.109356415344139646e-02 6.056935137897503374e-01
1.512939664266335915e-01 6.547992571425645947e-01
2.050482539621811262e-01 7.148546793423417034e-01
