7.875638971649311371e-01 1.000000000000000000e+00
1.000000000000000000e+00 7.391207724239278187e-01
8.963401224052746086e-01 5.224090028652637052e-01
6.599043376704994968e-01 4.377429200760352690e-01
4.261129375682428666e-01 4.534801391465220766e-01
7.596150564188169918e-01 3.579503277750169521e-01
5.886122206109988264e-01 1.843289591728621557e-01
4.474446588180814866e-01 7.628071711958170353e-02
3.426225187561293128e-01 0.000000000000000000e+00
4.835022420088737061e-01 3.765993075475999596e-01
3.328627513352998557e-01 3.930066735879104711e-01
3.685156715417413631e-01 4.843939073373384474e-01
4.613457120326714400e-01 5.427613138554444605e-01
2.534692813290962410e-01 4.723002638929207908e-01
1.718125136573757095e-01 4.994019356521139930e-01
2.349424023820926299e-01 5.731791962500635274e-01
3.325333908541239225e-01 6.235107435088738104e-01
4.368495262452095490e-02 5.919008326813914866e-01
0.000000000000000000e+00 6.108325665841694008e-01
7.682649916199574269e-02 6.777532855406688261e-01
1.632691983555903947e-01 7.327558523052498662e-01
