1.337085962295532227e-01 3.297113478183746338e-01
1.570081114768981934e-01 2.374296486377716064e-01
1.336891651153564453e-01 1.648419499397277832e-01
9.301471710205078125e-02 1.399585902690887451e-01
5.962902307510375977e-02 1.446866095066070557e-01
1.257117390632629395e-01 1.252282261848449707e-01
8.695685863494873047e-02 6.488108634948730469e-02
5.875873565673828125e-02 2.810731530189514160e-02
3.995525836944580078e-02 0.000000000000000000e+00
8.796530961990356445e-02 1.287809908390045166e-01
4.376429319381713867e-02 1.333706080913543701e-01
4.447996616363525391e-02 1.678478717803955078e-01
6.150794029235839844e-02 1.844880878925323486e-01
5.268400907516479492e-02 1.529707312583923340e-01
2.182668447494506836e-02 1.617908775806427002e-01
2.688390016555786133e-02 1.928109228610992432e-01
4.410874843597412109e-02 2.066684663295745850e-01
1.887732744216918945e-02 1.848237216472625732e-01
0.000000000000000000e+00 1.978653371334075928e-01
8.453428745269775391e-03 2.264672815799713135e-01
2.267861366271972656e-02 2.432675659656524658e-01
