1.718941330909729004e-02 3.870264589786529541e-01
9.516811370849609375e-02 3.686847984790802002e-01
1.592531502246856689e-01 2.992427647113800049e-01
1.673753857612609863e-01 2.145300805568695068e-01
1.263355910778045654e-01 1.791030466556549072e-01
1.327105164527893066e-01 1.872685849666595459e-01
1.664725244045257568e-01 1.049964725971221924e-01
1.861655414104461670e-01 4.899030923843383789e-02
2.027826607227325439e-01 0.000000000000000000e+00
9.316691756248474121e-02 1.750715672969818115e-01
1.225688159465789795e-01 1.273949444293975830e-01
1.119277477264404297e-01 1.918577849864959717e-01
9.447780251502990723e-02 2.513177692890167236e-01
5.013641715049743652e-02 1.736420094966888428e-01
8.120596408843994141e-02 1.225781142711639404e-01
7.598391175270080566e-02 1.995576918125152588e-01
6.109598278999328613e-02 2.683478891849517822e-01
0.000000000000000000e+00 1.795320212841033936e-01
3.715139627456665039e-02 1.393193900585174561e-01
4.661035537719726562e-02 1.960734426975250244e-01
3.984117507934570312e-02 2.535964548587799072e-01
