1.942577958106994629e-02 3.947384357452392578e-01
9.998762607574462891e-02 3.706644177436828613e-01
1.622869670391082764e-01 2.998954057693481445e-01
1.692353785037994385e-01 2.125844359397888184e-01
1.264496147632598877e-01 1.707934737205505371e-01
1.314440071582794189e-01 1.896035075187683105e-01
1.645046174526214600e-01 1.060115694999694824e-01
1.841281056404113770e-01 5.088853836059570312e-02
1.991924941539764404e-01 0.000000000000000000e+00
9.312516450881958008e-02 1.773295402526855469e-01
1.193247735500335693e-01 1.273471117019653320e-01
1.152569353580474854e-01 1.986582875251770020e-01
1.010971665382385254e-01 2.570514678955078125e-01
5.090883374214172363e-02 1.761837005615234375e-01
8.094310760498046875e-02 1.230326294898986816e-01
8.269861340522766113e-02 2.058439254760742188e-01
6.993800401687622070e-02 2.744246125221252441e-01
0.000000000000000000e+00 1.827484369277954102e-01
3.926587104797363281e-02 1.412906646728515625e-01
5.244910717010498047e-02 1.994897127151489258e-01
4.630494117736816406e-02 2.563241720199584961e-01
