2.901502666599528601e-01 1.000000000000000000e+00
6.558208168013266448e-01 9.081157970253621592e-01
9.355936629749334044e-01 7.447743183923432042e-01
1.000000000000000000e+00 5.732744379605781981e-01
8.178372422692510302e-01 4.631314783306625382e-01
6.031232797680669000e-01 4.520729283772528806e-01
7.190936036602695314e-01 2.412120783158195614e-01
7.950322475478294182e-01 1.132719366480763323e-01
8.706266103504515241e-01 0.000000000000000000e+00
4.054013042398463273e-01 4.513158003237962568e-01
6.573817739266393234e-01 3.166235579658557286e-01
7.410372982554661592e-01 4.748270383635369019e-01
7.369392097238497419e-01 6.173354699856242744e-01
2.111735171547395873e-01 4.759725570285506802e-01
5.182094311168994327e-01 3.815517208205404520e-01
5.486276976437143293e-01 5.709163324711593601e-01
4.962483261743236840e-01 7.177499732002231569e-01
0.000000000000000000e+00 5.236107408008048303e-01
3.412073051769326515e-01 4.474118287343084033e-01
4.360996725318485590e-01 5.785082282186532199e-01
4.172323180426673050e-01 7.010758392453182442e-01
