4.968105256557464600e-02 4.463744461536407471e-01
1.127446740865707397e-01 4.029485881328582764e-01
1.609173268079757690e-01 3.250322639942169189e-01
1.719443947076797485e-01 2.482492029666900635e-01
1.405347138643264771e-01 2.002688944339752197e-01
9.625740349292755127e-02 1.992245018482208252e-01
1.186401396989822388e-01 1.086324751377105713e-01
1.345039457082748413e-01 5.136606097221374512e-02
1.470010727643966675e-01 0.000000000000000000e+00
6.183795630931854248e-02 1.997103989124298096e-01
1.138444989919662476e-01 1.450318098068237305e-01
1.264693289995193481e-01 2.227696478366851807e-01
1.182371824979782104e-01 2.848146855831146240e-01
3.112937510013580322e-02 2.111275494098663330e-01
9.475888311862945557e-02 1.743297874927520752e-01
9.990568459033966064e-02 2.605458796024322510e-01
8.603070676326751709e-02 3.186946809291839600e-01
0.000000000000000000e+00 2.342710196971893311e-01
6.818901002407073975e-02 2.093289792537689209e-01
8.172027766704559326e-02 2.683013975620269775e-01
7.302998006343841553e-02 3.147583305835723877e-01
