1.923167443945681954e-01 1.000000000000000000e+00
6.858156913351283190e-01 8.808233725216331189e-01
8.477398107082099177e-01 7.334096422802336424e-01
9.371868878282914039e-01 6.146059284512235266e-01
1.000000000000000000e+00 5.216936930693465424e-01
1.549939195283103477e-01 4.190271891240203717e-01
4.618028214089446859e-01 2.373953314333522580e-01
6.323871598970358665e-01 1.059063975316619638e-01
7.581981246801352547e-01 0.000000000000000000e+00
0.000000000000000000e+00 4.346170866673279565e-01
7.251161538481005753e-01 3.584080318847516766e-01
8.207603091102733117e-01 5.033467984607983281e-01
6.934883569722579688e-01 5.768755205226578919e-01
1.998759182758129936e-03 4.991079202327803888e-01
7.472565850038651591e-01 4.584499243796359980e-01
7.843506743415386007e-01 6.013610205852015778e-01
6.442999008942488226e-01 6.676471198608313617e-01
1.028799847068398998e-01 5.907355201329897998e-01
7.111919028790891772e-01 5.871291227472946739e-01
7.924556987948265796e-01 6.991451227483100883e-01
7.275072674630815861e-01 7.582481283396667049e-01
