9.080234709704697316e-02 1.000000000000000000e+00
0.000000000000000000e+00 7.725285881968562141e-01
1.316257154552587516e-01 5.560334708793668312e-01
4.119359591831240897e-01 4.425065646970558486e-01
6.760588025244516075e-01 4.036913563813695482e-01
6.198991771225337288e-02 4.481599486925059717e-01
4.145698321545328024e-01 2.287283243988915693e-01
6.355956855346011070e-01 1.045190527474921111e-01
8.066227661446057073e-01 0.000000000000000000e+00
1.945709722907315586e-01 4.972313314536719875e-01
7.734216833319214057e-01 3.998515228887087325e-01
7.773256996992099488e-01 5.090099105749101849e-01
6.445636484991769111e-01 5.600395696946962598e-01
3.812851393539386513e-01 5.920150292234901412e-01
9.267709521799958328e-01 5.359229903556431696e-01
8.781786640929147847e-01 6.336786505161001726e-01
7.356160337987042164e-01 6.703262382168225786e-01
5.800199048778035271e-01 7.048382724863563320e-01
1.000000000000000000e+00 6.689105628093273692e-01
9.556805306700596470e-01 7.488160553733709257e-01
8.417479871449643491e-01 7.796782390880818703e-01
