1.622161269187927246e-02 4.687620103359222412e-01
0.000000000000000000e+00 3.449496924877166748e-01
3.122368454933166504e-02 2.453376352787017822e-01
8.644150197505950928e-02 1.996888220310211182e-01
1.351612359285354614e-01 1.946216523647308350e-01
4.206566512584686279e-02 1.985006034374237061e-01
1.153087764978408813e-01 9.293791651725769043e-02
1.653591841459274292e-01 4.103049635887145996e-02
2.023725956678390503e-01 0.000000000000000000e+00
8.670540153980255127e-02 2.340455949306488037e-01
1.624939292669296265e-01 1.811721622943878174e-01
1.517008692026138306e-01 2.218101322650909424e-01
1.235659867525100708e-01 2.530595362186431885e-01
1.310688108205795288e-01 2.871096432209014893e-01
1.880685240030288696e-01 2.525946795940399170e-01
1.755270212888717651e-01 2.844944298267364502e-01
1.510892063379287720e-01 3.081610500812530518e-01
1.663562208414077759e-01 3.446172773838043213e-01
2.068684250116348267e-01 3.068762123584747314e-01
1.942741423845291138e-01 3.287671506404876709e-01
1.739417463541030884e-01 3.478046953678131104e-01
