1.000000000000000000e+00 1.000000000000000000e+00
9.212350749743664080e-01 6.040640287116718632e-01
6.854212069537520824e-01 3.071410447668069810e-01
4.399737140574916383e-01 2.394719914146855033e-01
2.861016722222209374e-01 3.234567635409920094e-01
6.532341341088566677e-01 1.267934090192291141e-01
3.557241260277054229e-01 3.719006141210904476e-02
1.622815396585514380e-01 7.457341963342605483e-03
0.000000000000000000e+00 0.000000000000000000e+00
5.949640014199509830e-01 3.650275668164676413e-01
2.061668132689361277e-01 3.753501057871841406e-01
2.788270421870705507e-01 4.630701552418057254e-01
4.009318940428777123e-01 4.947187152172790592e-01
5.473731021305867639e-01 6.327348391073210898e-01
2.313169771803681440e-01 6.256107506302331922e-01
3.018736931316590155e-01 6.805505973972462153e-01
4.045623779943124387e-01 6.948592101892375750e-01
5.096171164658067632e-01 8.967861102295852094e-01
2.703487782979761000e-01 8.208530065850595525e-01
3.409665184401214910e-01 8.596364209358550168e-01
4.319330938057941438e-01 8.858660639068612896e-01
