2.060711383819580078e-02 4.500791430473327637e-01
0.000000000000000000e+00 3.290166258811950684e-01
2.919811010360717773e-02 2.360887527465820312e-01
8.022025227546691895e-02 2.001958489418029785e-01
1.251734793186187744e-01 2.039850354194641113e-01
6.151187419891357422e-02 1.777216196060180664e-01
1.264521777629852295e-01 7.968610525131225586e-02
1.705487668514251709e-01 3.265494108200073242e-02
2.039284408092498779e-01 0.000000000000000000e+00
1.096932888031005859e-01 2.095844745635986328e-01
1.701874136924743652e-01 1.954057812690734863e-01
1.528875529766082764e-01 2.305484414100646973e-01
1.271014809608459473e-01 2.534624338150024414e-01
1.494473218917846680e-01 2.650697827339172363e-01
1.832251250743865967e-01 2.617301940917968750e-01
1.657367646694183350e-01 2.855033278465270996e-01
1.422129571437835693e-01 3.043690323829650879e-01
1.772353351116180420e-01 3.209292292594909668e-01
1.936526894569396973e-01 3.173344731330871582e-01
1.776838898658752441e-01 3.372194170951843262e-01
1.572554409503936768e-01 3.537142872810363770e-01
