4.239851236343383789e-02 4.573257565498352051e-01
0.000000000000000000e+00 3.403442502021789551e-01
1.126289367675781250e-02 2.414050698280334473e-01
6.093198060989379883e-02 2.007560729980468750e-01
1.026701331138610840e-01 2.003845572471618652e-01
8.841305971145629883e-02 1.877627968788146973e-01
1.458447575569152832e-01 9.051376581192016602e-02
1.875037550926208496e-01 3.878849744796752930e-02
2.188014090061187744e-01 0.000000000000000000e+00
1.435720920562744141e-01 2.224859595298767090e-01
1.491410434246063232e-01 1.794164776802062988e-01
1.206970810890197754e-01 1.961186528205871582e-01
9.957823157310485840e-02 2.224863767623901367e-01
1.760270893573760986e-01 2.759133577346801758e-01
1.573015451431274414e-01 2.483716607093811035e-01
1.336728036403656006e-01 2.623382210731506348e-01
1.152722835540771484e-01 2.905214428901672363e-01
1.944913864135742188e-01 3.274005055427551270e-01
1.752328276634216309e-01 3.077906370162963867e-01
1.564064323902130127e-01 3.218101263046264648e-01
1.420051157474517822e-01 3.461362719535827637e-01
