6.709725993110374209e-02 1.000000000000000000e+00
0.000000000000000000e+00 6.375817905935429186e-01
1.108031631566832043e-01 3.434148700803788534e-01
3.108083901856499853e-01 2.687278346395919337e-01
4.513256047019135742e-01 2.940842825224763701e-01
4.397443178676938569e-01 2.767701925125329865e-01
6.913630382708988442e-01 1.169071783973560097e-01
8.653834980685122247e-01 4.495363597321169746e-02
1.000000000000000000e+00 0.000000000000000000e+00
5.743471491080376357e-01 4.555288661477406298e-01
6.082284493113891966e-01 3.208239329637757598e-01
4.972057509381009321e-01 3.218933973497531409e-01
4.195561247209319555e-01 3.734314209316306754e-01
6.227309416995282509e-01 6.375467320520390446e-01
5.963096170296603438e-01 4.995237583328876463e-01
5.070442256910484558e-01 4.983249708575873682e-01
4.290433833352264581e-01 5.511437044250140360e-01
6.265579310615191355e-01 7.954169542748972255e-01
5.909251740751425563e-01 6.765218134781847414e-01
5.238499279775720163e-01 6.797802902668366176e-01
4.647866115684203270e-01 7.264360542040825264e-01
