0.000000000000000000e+00 1.821038126945495605e-01
4.418060183525085449e-02 7.268923521041870117e-02
1.121273040771484375e-01 2.275043725967407227e-02
1.669484972953796387e-01 3.449410200119018555e-02
2.011359930038452148e-01 7.192260026931762695e-02
1.633686423301696777e-01 0.000000000000000000e+00
2.615329921245574951e-01 4.236102104187011719e-03
3.155038654804229736e-01 1.344221830368041992e-02
3.544179499149322510e-01 2.075618505477905273e-02
1.798507869243621826e-01 7.085287570953369141e-02
2.388404607772827148e-01 9.459418058395385742e-02
2.148348391056060791e-01 1.006512641906738281e-01
1.853505074977874756e-01 9.843891859054565430e-02
1.816077828407287598e-01 1.457107663154602051e-01
2.155135273933410645e-01 1.581634283065795898e-01
1.917478144168853760e-01 1.579129099845886230e-01
1.633408665657043457e-01 1.534705162048339844e-01
1.733615398406982422e-01 2.098857760429382324e-01
1.893498897552490234e-01 2.115121483802795410e-01
1.681578159332275391e-01 2.108721733093261719e-01
1.448105871677398682e-01 2.088014483451843262e-01
