0.000000000000000000e+00 4.248728061744308504e-01
1.715214133025381449e-01 1.005687898125234014e-01
3.838400615903748703e-01 2.455391505709062297e-02
5.362212011761140484e-01 1.077174184701799875e-01
6.309850364873830220e-01 2.147114814552197604e-01
5.153723678714464684e-01 0.000000000000000000e+00
7.519799831281686053e-01 1.926131466287132055e-01
8.907832297271841560e-01 3.377479676353015714e-01
1.000000000000000000e+00 4.515649740651580535e-01
4.983667084367347511e-01 2.682511108480945539e-01
6.314015905386700656e-01 6.085846092707589694e-01
5.532435686380500206e-01 6.156599048341337976e-01
4.797117865303816009e-01 5.367909707549237686e-01
4.430849242815138589e-01 5.650023738893203973e-01
5.421957132443876448e-01 8.160288350040427741e-01
4.715124859742663710e-01 7.895081371425921590e-01
4.087611489225779771e-01 7.084025436877865456e-01
3.728060476506384058e-01 8.320232681594444957e-01
4.596492952324791048e-01 1.000000000000000000e+00
3.958272521028362578e-01 9.684840243045286234e-01
3.390080837367011601e-01 9.053126861130574854e-01
