0.000000000000000000e+00 4.840955138206481934e-02
7.517451047897338867e-02 0.000000000000000000e+00
1.590993404388427734e-01 8.888810873031616211e-03
2.177571654319763184e-01 5.416622757911682129e-02
2.536098957061767578e-01 1.018436253070831299e-01
1.872411370277404785e-01 1.266747713088989258e-03
2.590980529785156250e-01 8.415940403938293457e-02
2.964606881141662598e-01 1.393921077251434326e-01
3.271881341934204102e-01 1.816631257534027100e-01
1.644225418567657471e-01 4.974558949470520020e-02
2.135315239429473877e-01 1.633656919002532959e-01
1.852571964263916016e-01 1.556218564510345459e-01
1.635051071643829346e-01 1.200548708438873291e-01
1.330112218856811523e-01 1.031962335109710693e-01
1.724904179573059082e-01 1.993878781795501709e-01
1.469975411891937256e-01 1.859806478023529053e-01
1.302406489849090576e-01 1.522688567638397217e-01
9.875214099884033203e-02 1.524250209331512451e-01
1.339356005191802979e-01 2.261535823345184326e-01
1.142715513706207275e-01 2.147718369960784912e-01
9.888184070587158203e-02 1.870189607143402100e-01
