0.000000000000000000e+00 7.259105800928372654e-02
2.829763254322275601e-01 0.000000000000000000e+00
5.248637772232949139e-01 1.143190187094823562e-01
6.629893987806912969e-01 2.892915610171167273e-01
7.289015040495667730e-01 4.375421428272043278e-01
6.894313817642699904e-01 2.027962694162203650e-01
8.636702355935025333e-01 5.797740066093788336e-01
9.397113877819167627e-01 8.156230708911023086e-01
1.000000000000000000e+00 1.000000000000000000e+00
5.859715311761612977e-01 3.001724981962768379e-01
6.211419549034219445e-01 7.435294864485758604e-01
5.162981772477869269e-01 6.756832478980978607e-01
4.801978932311021242e-01 5.456664457029474224e-01
4.255543910660550821e-01 4.106641241596359349e-01
4.505888548222978240e-01 7.985445693588023586e-01
3.615873770752459082e-01 7.064397291953299352e-01
3.327040993407692215e-01 5.728030692389610712e-01
2.536284467459662961e-01 5.167840867056751053e-01
2.865415945688434274e-01 8.257446741843162963e-01
2.275167539997215160e-01 7.554527782627042942e-01
2.047954192145741981e-01 6.439749541897040741e-01
