0.000000000000000000e+00 0.000000000000000000e+00
7.523939013481140137e-02 8.647233247756958008e-03
1.342937946319580078e-01 6.899976730346679688e-02
1.576936841011047363e-01 1.497936248779296875e-01
1.609494090080261230e-01 2.142540216445922852e-01
1.689088344573974609e-01 8.388012647628784180e-02
1.882010698318481445e-01 2.031340599060058594e-01
1.953684687614440918e-01 2.695394158363342285e-01
2.001501321792602539e-01 3.223634362220764160e-01
1.365036964416503906e-01 9.173876047134399414e-02
1.198798120021820068e-01 2.454234361648559570e-01
9.718888998031616211e-02 2.275155782699584961e-01
9.364324808120727539e-02 1.895524263381958008e-01
9.088277816772460938e-02 1.002469658851623535e-01
7.031950354576110840e-02 2.408282160758972168e-01
5.675190687179565430e-02 2.111322283744812012e-01
5.988103151321411133e-02 1.675195097923278809e-01
4.181101918220520020e-02 1.075321435928344727e-01
2.456781268119812012e-02 2.134578227996826172e-01
1.638323068618774414e-02 1.875770092010498047e-01
2.075010538101196289e-02 1.461891531944274902e-01
