0.000000000000000000e+00 3.272056579589843750e-02
6.018945574760437012e-02 8.175945281982421875e-02
1.018318533897399902e-01 1.290936470031738281e-01
1.057417094707489014e-01 1.822224855422973633e-01
8.896294236183166504e-02 2.203410267829895020e-01
1.554320752620697021e-01 4.989135265350341797e-02
1.756329834461212158e-01 7.616895437240600586e-02
1.886751353740692139e-01 1.061199903488159180e-01
1.955325901508331299e-01 1.310614347457885742e-01
1.247650086879730225e-01 1.717275381088256836e-02
1.091275215148925781e-01 1.456083655357360840e-01
8.379271626472473145e-02 1.685245633125305176e-01
7.596975564956665039e-02 1.564608812332153320e-01
7.823666930198669434e-02 1.468956470489501953e-03
5.012729763984680176e-02 1.349306106567382812e-01
3.984510898590087891e-02 1.468985080718994141e-01
4.563316702842712402e-02 1.254291534423828125e-01
2.830705046653747559e-02 0.000000000000000000e+00
4.991203546524047852e-03 1.030775904655456543e-01
2.950638532638549805e-03 1.133586168289184570e-01
1.149258017539978027e-02 9.116357564926147461e-02
