4.799481519244924721e-02 5.815839073200576026e-01
3.008805930733304823e-01 6.901638575855059132e-01
5.282778990169517686e-01 7.966629003927451214e-01
6.386498447505752907e-01 9.196453946199846241e-01
6.427539181244307231e-01 1.000000000000000000e+00
8.096432296140303464e-01 2.498139888294617916e-01
9.039534157574500295e-01 2.366330991335925393e-01
9.513104712214009995e-01 2.816246126823107043e-01
1.000000000000000000e+00 3.381327833586610931e-01
6.090180954290439486e-01 4.128041800706546555e-02
5.590178561919724176e-01 5.861806528646706926e-01
4.662182592215472487e-01 8.363550691744459087e-01
4.111285985693005629e-01 9.190920483925082429e-01
3.233244259969510481e-01 0.000000000000000000e+00
2.563962346245807211e-01 6.074525350806212476e-01
2.571894212762634302e-01 7.696782056089521706e-01
2.878503530444614933e-01 7.723990507016124107e-01
3.034313232943284394e-02 5.298900708520002528e-02
0.000000000000000000e+00 5.144851881821231876e-01
2.387261845283379300e-02 6.757043261165603942e-01
7.164038994716565023e-02 6.955352385087528733e-01
