2.834870815277099609e-01 2.473368048667907715e-01
2.596501708030700684e-01 1.453782916069030762e-01
1.970303058624267578e-01 6.955343484878540039e-02
1.319807767868041992e-01 5.087924003601074219e-02
8.828806877136230469e-02 6.880229711532592773e-02
1.861004233360290527e-01 3.058964014053344727e-02
9.801292419433593750e-02 5.452036857604980469e-03
4.474741220474243164e-02 6.955265998840332031e-04
0.000000000000000000e+00 0.000000000000000000e+00
1.693840622901916504e-01 9.270602464675903320e-02
7.243788242340087891e-02 8.405268192291259766e-02
8.902364969253540039e-02 1.022757291793823242e-01
1.192300915718078613e-01 1.097158789634704590e-01
1.562578082084655762e-01 1.592210531234741211e-01
8.032381534576416016e-02 1.458649039268493652e-01
9.794992208480834961e-02 1.588520407676696777e-01
1.229291558265686035e-01 1.640761494636535645e-01
1.459933519363403320e-01 2.218797802925109863e-01
8.943396806716918945e-02 1.962370872497558594e-01
1.082074642181396484e-01 2.067435383796691895e-01
1.308492422103881836e-01 2.152600884437561035e-01
