2.343505620956420898e-02 1.830049753189086914e-01
7.211485505104064941e-02 1.864928007125854492e-01
1.162710487842559814e-01 1.934599876403808594e-01
1.427054405212402344e-01 2.163025736808776855e-01
1.556101441383361816e-01 2.392296195030212402e-01
1.684117019176483154e-01 5.581766366958618164e-02
1.777660846710205078e-01 6.512469053268432617e-02
1.900120973587036133e-01 6.074845790863037109e-02
2.048846781253814697e-01 5.142587423324584961e-02
1.286704838275909424e-01 7.718205451965332031e-03
1.249794960021972656e-01 1.160250306129455566e-01
1.044454276561737061e-01 1.701238751411437988e-01
9.665286540985107422e-02 1.774851083755493164e-01
7.556733489036560059e-02 0.000000000000000000e+00
6.112170219421386719e-02 1.453860402107238770e-01
4.863947629928588867e-02 1.756323575973510742e-01
4.769825935363769531e-02 1.587410569190979004e-01
1.884379982948303223e-02 1.669073104858398438e-02
5.495905876159667969e-03 1.316990852355957031e-01
0.000000000000000000e+00 1.564825177192687988e-01
1.990199089050292969e-03 1.365917921066284180e-01
