1.757183670997619629e-02 2.297863960266113281e-01
6.959998607635498047e-02 2.355527877807617188e-01
1.179579496383666992e-01 2.438756227493286133e-01
1.480900347232818604e-01 2.402895689010620117e-01
1.343454718589782715e-01 2.310640215873718262e-01
1.491254568099975586e-01 7.182478904724121094e-02
1.626105010509490967e-01 5.074185132980346680e-02
1.830362677574157715e-01 2.299082279205322266e-02
2.014049887657165527e-01 0.000000000000000000e+00
1.049462258815765381e-01 3.105247020721435547e-02
1.254029870033264160e-01 1.374024748802185059e-01
9.996464848518371582e-02 2.171649932861328125e-01
7.968139648437500000e-02 2.406912446022033691e-01
5.251404643058776855e-02 3.518521785736083984e-02
6.890940666198730469e-02 1.660404205322265625e-01
5.690407752990722656e-02 2.198976278305053711e-01
4.560786485671997070e-02 2.260676622390747070e-01
0.000000000000000000e+00 6.558066606521606445e-02
1.409727334976196289e-02 1.676357984542846680e-01
1.449000835418701172e-02 2.147098183631896973e-01
1.023030281066894531e-02 2.204337120056152344e-01
