3.317448496818542480e-02 4.141553342342376709e-01
9.705317020416259766e-02 4.043782651424407959e-01
1.567519903182983398e-01 3.695750534534454346e-01
1.891248226165771484e-01 3.247005641460418701e-01
1.716063022613525391e-01 2.892754971981048584e-01
1.601770222187042236e-01 1.824553906917572021e-01
1.872254610061645508e-01 1.113604605197906494e-01
2.044195234775543213e-01 5.297181010246276855e-02
2.174511253833770752e-01 0.000000000000000000e+00
1.097930967807769775e-01 1.520414054393768311e-01
1.471537649631500244e-01 1.994906365871429443e-01
1.351831257343292236e-01 2.948607504367828369e-01
1.181369721889495850e-01 3.588588535785675049e-01
5.455708503723144531e-02 1.596945822238922119e-01
9.280642867088317871e-02 2.368626296520233154e-01
7.915642857551574707e-02 3.173802793025970459e-01
6.405657529830932617e-02 3.638137876987457275e-01
0.000000000000000000e+00 1.876440346240997314e-01
3.149881958961486816e-02 2.486756145954132080e-01
3.473043441772460938e-02 3.090585172176361084e-01
3.227889537811279297e-02 3.388625085353851318e-01
