1.513764584945152258e-01 1.000000000000000000e+00
4.573831875560084859e-01 9.684313514952681556e-01
7.357355008940651420e-01 8.665583296741388164e-01
8.770486433771870205e-01 7.442775567084750632e-01
8.217114364515879510e-01 6.276955204204621719e-01
7.379908762653307752e-01 4.606004573236183730e-01
8.725710199878093931e-01 2.745092567546857931e-01
9.421692809103831001e-01 1.312050468848529050e-01
1.000000000000000000e+00 0.000000000000000000e+00
5.024723663228142234e-01 3.982707863217510580e-01
6.979306740893660432e-01 4.523787226164102671e-01
6.380757922613552457e-01 6.622949557619227656e-01
5.542782517093680639e-01 8.019568755944217475e-01
2.510888411121857122e-01 4.101364448784139971e-01
4.566807247477416287e-01 5.307176611234470931e-01
3.879388873648949021e-01 7.233646308561626492e-01
3.125263686603291791e-01 8.351521474467078487e-01
0.000000000000000000e+00 4.651227185692615729e-01
1.822788482732604631e-01 5.649810539878837856e-01
1.945211702454729963e-01 7.011007384373318940e-01
1.727194346029730931e-01 7.696430780575960195e-01
