3.960949182510375977e-02 4.825260341167449951e-01
1.129266619682312012e-01 4.631169140338897705e-01
1.737065911293029785e-01 3.928886950016021729e-01
1.961745321750640869e-01 3.160742223262786865e-01
1.698304116725921631e-01 2.618444263935089111e-01
1.489854156970977783e-01 2.370252311229705811e-01
1.775618791580200195e-01 1.309062540531158447e-01
1.913845539093017578e-01 6.180083751678466797e-02
2.013799846172332764e-01 0.000000000000000000e+00
1.010203063488006592e-01 2.269358932971954346e-01
1.413638591766357422e-01 2.054032385349273682e-01
1.350128352642059326e-01 3.003686368465423584e-01
1.204989552497863770e-01 3.699932992458343506e-01
5.179327726364135742e-02 2.354690730571746826e-01
9.728866815567016602e-02 2.300621569156646729e-01
9.102135896682739258e-02 3.236458599567413330e-01
7.731294631958007812e-02 3.878662884235382080e-01
0.000000000000000000e+00 2.557041943073272705e-01
4.647889733314514160e-02 2.517567574977874756e-01
5.430546402931213379e-02 3.161107003688812256e-01
4.878282546997070312e-02 3.621492683887481689e-01
