3.064231331658524016e-01 1.000000000000000000e+00
6.977419279015286691e-01 8.887486119725163114e-01
8.967520714901836554e-01 7.393717260462913110e-01
1.000000000000000000e+00 6.142425049606741183e-01
9.595746901044986954e-01 5.000402120749597445e-01
3.820913770592923586e-01 4.135958107239576798e-01
5.658788367887254145e-01 2.373974398909841632e-01
7.106263724757664324e-01 1.078332689301356451e-01
8.208113802503096412e-01 0.000000000000000000e+00
1.608096422855376517e-01 4.282315223970130647e-01
7.341109775980614316e-01 4.044959510674992487e-01
8.124237414535225854e-01 5.744622848136270443e-01
7.038305028487664705e-01 6.639949487946670281e-01
4.365888595033552005e-02 4.958302149142227999e-01
6.403662974441233224e-01 5.090602039361099562e-01
6.824916431673411221e-01 6.664689959338514491e-01
5.732539686496797016e-01 7.344050866142131095e-01
0.000000000000000000e+00 5.973576370457496232e-01
4.898289885401166943e-01 6.176414607325224626e-01
5.522630580629812602e-01 7.268442274469140152e-01
4.656274729493618536e-01 7.779199298152476016e-01
