1.237822016625683419e-01 1.000000000000000000e+00
0.000000000000000000e+00 7.805645540096713964e-01
8.742223394666842617e-02 5.616270929592962480e-01
3.518131542005445422e-01 4.563921022092704560e-01
6.196664499737770671e-01 4.430422131804476749e-01
3.743071323365460695e-02 4.445014565780562310e-01
3.811791233673447188e-01 2.234749877549259411e-01
6.033979957477946243e-01 9.910235022362214041e-02
7.726822497118612798e-01 0.000000000000000000e+00
2.068072972115707620e-01 4.878570147259490009e-01
7.348093573642607845e-01 4.083203775015933346e-01
7.513678346099370575e-01 5.046023006978607173e-01
6.307463656833833809e-01 5.553730864243751064e-01
4.207488152551794314e-01 5.737759667781936468e-01
8.860732421967005834e-01 5.155641678450988419e-01
8.597871384918802651e-01 5.966362896266526050e-01
7.302399638217088595e-01 6.399025898316111904e-01
6.325106854718408611e-01 6.744242149856896074e-01
1.000000000000000000e+00 6.226215082633640430e-01
9.905992971613231113e-01 6.907736667745613124e-01
9.038778605816790712e-01 7.328218439971987408e-01
