4.273700714111328125e-02 4.723560214042663574e-01
0.000000000000000000e+00 3.613079786300659180e-01
1.295670866966247559e-02 2.591778039932250977e-01
5.398431420326232910e-02 2.075923681259155273e-01
9.637215733528137207e-02 2.023971080780029297e-01
3.894579410552978516e-02 2.059716582298278809e-01
9.472787380218505859e-02 9.512874484062194824e-02
1.338117420673370361e-01 3.919032216072082520e-02
1.648080646991729736e-01 0.000000000000000000e+00
9.285345673561096191e-02 2.294609546661376953e-01
1.270667016506195068e-01 1.789106130599975586e-01
1.087716817855834961e-01 2.051164507865905762e-01
9.024795889854431152e-02 2.358684539794921875e-01
1.392077505588531494e-01 2.723239660263061523e-01
1.482002437114715576e-01 2.345026731491088867e-01
1.318787634372711182e-01 2.572089433670043945e-01
1.168221235275268555e-01 2.869711518287658691e-01
1.746999323368072510e-01 3.183192014694213867e-01
1.714597642421722412e-01 2.886128425598144531e-01
1.568301022052764893e-01 3.052148818969726562e-01
1.457274854183197021e-01 3.283649682998657227e-01
