2.006709575653076172e-03 3.391079306602478027e-01
0.000000000000000000e+00 2.034582495689392090e-01
5.315196514129638672e-02 1.153954863548278809e-01
1.166065931320190430e-01 9.941357374191284180e-02
1.610758900642395020e-01 1.154356598854064941e-01
8.797812461853027344e-02 9.030407667160034180e-02
1.834836602210998535e-01 3.287455439567565918e-02
2.447660565376281738e-01 1.042830944061279297e-02
2.913641333580017090e-01 0.000000000000000000e+00
1.329625844955444336e-01 1.550754308700561523e-01
1.911427974700927734e-01 1.059752106666564941e-01
1.693828105926513672e-01 1.092979311943054199e-01
1.444400548934936523e-01 1.274533271789550781e-01
1.623512208461761475e-01 2.211982607841491699e-01
1.966161727905273438e-01 1.648305654525756836e-01
1.743857860565185547e-01 1.637545824050903320e-01
1.503153443336486816e-01 1.804056167602539062e-01
1.785815358161926270e-01 2.801089882850646973e-01
1.880906224250793457e-01 2.286825776100158691e-01
1.683158874511718750e-01 2.284559607505798340e-01
1.514229774475097656e-01 2.446358799934387207e-01
