0.000000000000000000e+00 8.324946323221334987e-01
1.064657493917064296e-01 2.835842896452414608e-01
3.443759037813780011e-01 6.964492652793270906e-03
5.635449877475386948e-01 0.000000000000000000e+00
7.110194220994571213e-01 9.242177079028068842e-02
4.032774251647371355e-01 8.871118679054297573e-02
6.997416159394563850e-01 1.854724059923859927e-02
8.725262583667425798e-01 3.068811861890429274e-02
1.000000000000000000e+00 6.237516615470322517e-02
4.566378033891260735e-01 4.352097983064547315e-01
6.861300406106315419e-01 3.176007944963521457e-01
6.342994449591728978e-01 2.710193928257310092e-01
5.487221938399993171e-01 2.817322891155084053e-01
4.781875882133919675e-01 7.472700804848347866e-01
6.662999298622356292e-01 5.817839974659552160e-01
6.131867656099820874e-01 5.240575488383175662e-01
5.323665867153878350e-01 5.350045912781462576e-01
4.837232762129070607e-01 1.000000000000000000e+00
6.124410539714426616e-01 7.909635075351432176e-01
5.666620485422602105e-01 7.389216214478906419e-01
5.024549083446622211e-01 7.657219329887658965e-01
